Temperature: 20 C
Humidity: 66 %
Date: 1970-01-01 00:00:00.000000
voltage,pad,gr,totalCurrent
26,6.93629244878893e-11,0,6.93629244878893e-11
27,7.19354774573613e-11,0,7.19354774573613e-11
28,7.414272607689163e-11,0,7.414272607689163e-11
29,7.59082672175185e-11,0,7.59082672175185e-11
30,7.758336290401346e-11,0,7.758336290401346e-11
31,7.892158815076559e-11,0,7.892158815076559e-11
32,7.854675542897392e-11,0,7.854675542897392e-11
33,7.75569605793977e-11,0,7.75569605793977e-11
34,7.645815347202029e-11,0,7.645815347202029e-11
35,7.524360798705724e-11,0,7.524360798705724e-11
36,7.406250357811476e-11,0,7.406250357811476e-11
37,7.324299939489454e-11,0,7.324299939489454e-11
38,7.305361960442643e-11,0,7.305361960442643e-11
39,7.385462299558805e-11,0,7.385462299558805e-11
40,7.491584933853053e-11,0,7.491584933853053e-11
41,7.615519983514632e-11,0,7.615519983514632e-11
42,7.74330749748528e-11,0,7.74330749748528e-11
43,7.874000022262838e-11,0,7.874000022262838e-11
44,7.997409480750824e-11,0,7.997409480750824e-11
45,8.16696581259701e-11,0,8.16696581259701e-11
46,8.349609129610005e-11,0,8.349609129610005e-11
47,8.532438934622314e-11,0,8.532438934622314e-11
48,8.726186861250986e-11,0,8.726186861250986e-11
49,8.932627684294742e-11,0,8.932627684294742e-11
50,9.179340290395781e-11,0,9.179340290395781e-11
51,9.43558081348257e-11,0,9.43558081348257e-11
52,9.616266206139463e-11,0,9.616266206139463e-11
53,9.779537094507152e-11,0,9.779537094507152e-11
54,9.960573394159448e-11,0,9.960573394159448e-11
55,1.0115286311910442e-10,0,1.0115286311910442e-10
56,1.0243187072752835e-10,0,1.0243187072752835e-10
57,1.0322307183418886e-10,0,1.0322307183418886e-10
58,1.0376714680686278e-10,0,1.0376714680686278e-10
59,1.0421632461039848e-10,0,1.0421632461039848e-10
60,1.0457325439331611e-10,0,1.0457325439331611e-10
61,1.0505175512933145e-10,0,1.0505175512933145e-10
62,1.0601603351930849e-10,0,1.0601603351930849e-10
63,1.071742201420687e-10,0,1.071742201420687e-10
64,1.0855844272771586e-10,0,1.0855844272771586e-10
65,1.1043168055577464e-10,0,1.1043168055577464e-10
66,1.1233748885410356e-10,0,1.1233748885410356e-10
67,1.1398496555493527e-10,0,1.1398496555493527e-10
68,1.1507975182063894e-10,0,1.1507975182063894e-10
69,1.156548254052697e-10,0,1.156548254052697e-10
70,1.1602468547309387e-10,0,1.1602468547309387e-10
71,1.1630043033711387e-10,0,1.1630043033711387e-10
72,1.1611185312951815e-10,0,1.1611185312951815e-10
73,1.1662778426874294e-10,0,1.1662778426874294e-10
74,1.1778752093373776e-10,0,1.1778752093373776e-10
75,1.1950888857871061e-10,0,1.1950888857871061e-10
76,1.2177360671566174e-10,0,1.2177360671566174e-10
77,1.2423555676921414e-10,0,1.2423555676921414e-10
78,1.267161124138737e-10,0,1.267161124138737e-10
79,1.2934272893263222e-10,0,1.2934272893263222e-10
80,1.3122633853465464e-10,0,1.3122633853465464e-10
81,1.328348398395081e-10,0,1.328348398395081e-10
82,1.3424414561973584e-10,0,1.3424414561973584e-10
83,1.3515101780983865e-10,0,1.3515101780983865e-10
84,1.3595470483430112e-10,0,1.3595470483430112e-10
85,1.371366781845847e-10,0,1.371366781845847e-10
86,1.3856149819232648e-10,0,1.3856149819232648e-10
87,1.4018970370755326e-10,0,1.4018970370755326e-10
88,1.4144545246615326e-10,0,1.4144545246615326e-10
89,1.4347002349693024e-10,0,1.4347002349693024e-10
90,1.462809714075115e-10,0,1.462809714075115e-10
91,1.4911784711464607e-10,0,1.4911784711464607e-10
92,1.516449996668215e-10,0,1.516449996668215e-10
93,1.5391117881857476e-10,0,1.5391117881857476e-10
94,1.5633304567516041e-10,0,1.5633304567516041e-10
95,1.5941211512353961e-10,0,1.5941211512353961e-10
96,1.6176487973414515e-10,0,1.6176487973414515e-10
97,1.6377539563076682e-10,0,1.6377539563076682e-10
98,1.6663106936741953e-10,0,1.6663106936741953e-10
99,1.6993012846883242e-10,0,1.6993012846883242e-10
100,1.7331771877477706e-10,0,1.7331771877477706e-10
101,1.7674178981416438e-10,0,1.7674178981416438e-10
102,1.8026596361583327e-10,0,1.8026596361583327e-10
103,1.838705021254179e-10,0,1.838705021254179e-10
104,1.874380105346336e-10,0,1.874380105346336e-10
105,1.9136657036984954e-10,0,1.9136657036984954e-10
106,1.9497159818683364e-10,0,1.9497159818683364e-10
107,1.9892521779484584e-10,0,1.9892521779484584e-10
108,2.0347174263289944e-10,0,2.0347174263289944e-10
109,2.0733850107016294e-10,0,2.0733850107016294e-10
110,2.1125415509021149e-10,0,2.1125415509021149e-10
111,2.1570130268448307e-10,0,2.1570130268448307e-10
112,2.1877671967605964e-10,0,2.1877671967605964e-10
113,2.2209975549569469e-10,0,2.2209975549569469e-10
114,2.2558122754536545e-10,0,2.2558122754536545e-10
115,2.2864030663196964e-10,0,2.2864030663196964e-10
116,2.3166251469473328e-10,0,2.3166251469473328e-10
117,2.345417624598265e-10,0,2.345417624598265e-10
118,2.3704001333446796e-10,0,2.3704001333446796e-10
119,2.3972011391588015e-10,0,2.3972011391588015e-10
120,2.4254659877493497e-10,0,2.4254659877493497e-10
121,2.448009048799311e-10,0,2.448009048799311e-10
122,2.4646870305459486e-10,0,2.4646870305459486e-10
123,2.481658464764207e-10,0,2.481658464764207e-10
124,2.4984449926170106e-10,0,2.4984449926170106e-10
125,2.513015236626255e-10,0,2.513015236626255e-10
126,2.538952072754121e-10,0,2.538952072754121e-10
127,2.582836869414123e-10,0,2.582836869414123e-10
128,2.638865384820467e-10,0,2.638865384820467e-10
129,2.7129103351732374e-10,0,2.7129103351732374e-10
130,2.7888308409818465e-10,0,2.7888308409818465e-10
131,2.86180635355643e-10,0,2.86180635355643e-10
132,2.9223138234454323e-10,0,2.9223138234454323e-10
133,2.962560920685097e-10,0,2.962560920685097e-10
134,2.9736605894768616e-10,0,2.9736605894768616e-10
135,2.9717087873166666e-10,0,2.9717087873166666e-10
136,2.9515869406895184e-10,0,2.9515869406895184e-10
137,2.928011388214555e-10,0,2.928011388214555e-10
138,2.9076618069999856e-10,0,2.9076618069999856e-10
139,2.8997997726608477e-10,0,2.8997997726608477e-10
140,2.9088177184150583e-10,0,2.9088177184150583e-10
141,2.9258967914424654e-10,0,2.9258967914424654e-10
142,2.9508416694518286e-10,0,2.9508416694518286e-10
143,2.9847231933422e-10,0,2.9847231933422e-10
144,3.0493022737449957e-10,0,3.0493022737449957e-10
145,3.133184611102522e-10,0,3.133184611102522e-10
146,3.221722364430689e-10,0,3.221722364430689e-10
147,3.332754370192982e-10,0,3.332754370192982e-10
148,3.445546760246917e-10,0,3.445546760246917e-10
149,3.552774368458132e-10,0,3.552774368458132e-10
150,3.6526395018223555e-10,0,3.6526395018223555e-10
151,3.736983753104445e-10,0,3.736983753104445e-10
152,3.832395702944154e-10,0,3.832395702944154e-10
153,3.9824217146387193e-10,0,3.9824217146387193e-10
154,4.1605809518913805e-10,0,4.1605809518913805e-10
155,4.348180573657013e-10,0,4.348180573657013e-10
156,4.5690538719719296e-10,0,4.5690538719719296e-10
157,4.860295492320769e-10,0,4.860295492320769e-10
158,5.197318172153648e-10,0,5.197318172153648e-10
159,5.544387414578843e-10,0,5.544387414578843e-10
160,5.888184155339879e-10,0,5.888184155339879e-10
161,6.230327001099471e-10,0,6.230327001099471e-10
162,6.675339849405163e-10,0,6.675339849405163e-10
163,7.181442082531781e-10,0,7.181442082531781e-10
164,7.663431078797161e-10,0,7.663431078797161e-10
165,8.168526217301996e-10,0,8.168526217301996e-10
166,8.751940160395082e-10,0,8.751940160395082e-10
167,9.34415527596356e-10,0,9.34415527596356e-10
168,9.958954954360567e-10,0,9.958954954360567e-10
169,1.051256002259825e-09,0,1.051256002259825e-09
170,1.1066788406317358e-09,0,1.1066788406317358e-09
171,1.1793374974361967e-09,0,1.1793374974361967e-09
172,1.2565871646544651e-09,0,1.2565871646544651e-09
173,1.332906630635333e-09,0,1.332906630635333e-09
174,1.4264070255978178e-09,0,1.4264070255978178e-09
175,1.526365706010009e-09,0,1.526365706010009e-09
176,1.6489914318086187e-09,0,1.6489914318086187e-09
177,1.7792051246888767e-09,0,1.7792051246888767e-09
178,1.9100887341586165e-09,0,1.9100887341586165e-09
179,2.1128291862717588e-09,0,2.1128291862717588e-09
180,2.4888567936115086e-09,0,2.4888567936115086e-09
181,2.8918319892899104e-09,0,2.8918319892899104e-09
182,3.319417637660998e-09,0,3.319417637660998e-09
183,3.637551371955113e-09,0,3.637551371955113e-09
184,3.902542976468786e-09,0,3.902542976468786e-09
185,4.139720461125248e-09,0,4.139720461125248e-09
186,4.340567749864028e-09,0,4.340567749864028e-09
187,4.325932994030798e-09,0,4.325932994030798e-09
188,4.412374781939172e-09,0,4.412374781939172e-09
189,4.548192329370995e-09,0,4.548192329370995e-09
190,5.011727063772052e-09,0,5.011727063772052e-09
191,5.770878261709892e-09,0,5.770878261709892e-09
192,6.900272371972745e-09,0,6.900272371972745e-09
193,8.205308703964694e-09,0,8.205308703964694e-09
194,1.0161459731877149e-08,0,1.0161459731877149e-08
195,1.2571653836078423e-08,0,1.2571653836078423e-08
196,1.6529757683670155e-08,0,1.6529757683670155e-08
197,2.326676134768182e-08,0,2.326676134768182e-08
198,3.5992336546267744e-08,0,3.5992336546267744e-08
199,5.879417710230265e-08,0,5.879417710230265e-08
200,1.171547544777256e-07,0,1.171547544777256e-07
201,2.4120097278679503e-07,0,2.4120097278679503e-07
202,4.965897086787369e-07,0,4.965897086787369e-07
203,1.0223906092688337e-06,0,1.0223906092688337e-06
