Temperature: 20 C
Humidity: 28 %
Date: 1970-01-01 00:00:00.000000
voltage,pad,gr,totalCurrent
26,7.43870188597286e-11,0,7.43870188597286e-11
27,7.63715683531445e-11,0,7.63715683531445e-11
28,7.848003321207519e-11,0,7.848003321207519e-11
29,8.05888197686046e-11,0,8.05888197686046e-11
30,8.237606611127258e-11,0,8.237606611127258e-11
31,8.394227067524687e-11,0,8.394227067524687e-11
32,8.557545265144303e-11,0,8.557545265144303e-11
33,8.722565999283854e-11,0,8.722565999283854e-11
34,8.873293181618011e-11,0,8.873293181618011e-11
35,9.018501706311131e-11,0,9.018501706311131e-11
36,9.110281238724539e-11,0,9.110281238724539e-11
37,9.129967801342432e-11,0,9.129967801342432e-11
38,9.129667076623362e-11,0,9.129667076623362e-11
39,9.129947752719654e-11,0,9.129947752719654e-11
40,9.140619840825783e-11,0,9.140619840825783e-11
41,9.166468959944149e-11,0,9.166468959944149e-11
42,9.200812479679043e-11,0,9.200812479679043e-11
43,9.242527439549057e-11,0,9.242527439549057e-11
44,9.298999859500404e-11,0,9.298999859500404e-11
45,9.38221320617598e-11,0,9.38221320617598e-11
46,9.484502200420793e-11,0,9.484502200420793e-11
47,9.594983228970223e-11,0,9.594983228970223e-11
48,9.720978869039436e-11,0,9.720978869039436e-11
49,9.848758770714245e-11,0,9.848758770714245e-11
50,9.972172612755797e-11,0,9.972172612755797e-11
51,1.0096246082307936e-10,0,1.0096246082307936e-10
52,1.0211744974935327e-10,0,1.0211744974935327e-10
53,1.0315577302325588e-10,0,1.0315577302325588e-10
54,1.0409944768256925e-10,0,1.0409944768256925e-10
55,1.049747346351132e-10,0,1.049747346351132e-10
56,1.0592830335920381e-10,0,1.0592830335920381e-10
57,1.069069659531091e-10,0,1.069069659531091e-10
58,1.0779544329327047e-10,0,1.0779544329327047e-10
59,1.0862473405942729e-10,0,1.0862473405942729e-10
60,1.0946040471655003e-10,0,1.0946040471655003e-10
61,1.1037276908517951e-10,0,1.1037276908517951e-10
62,1.1130520267414202e-10,0,1.1130520267414202e-10
63,1.1223565466257872e-10,0,1.1223565466257872e-10
64,1.132541852875295e-10,0,1.132541852875295e-10
65,1.1438590104159982e-10,0,1.1438590104159982e-10
66,1.1555023777891396e-10,0,1.1555023777891396e-10
67,1.1676770137742011e-10,0,1.1676770137742011e-10
68,1.1799876979312485e-10,0,1.1799876979312485e-10
69,1.1920066726664554e-10,0,1.1920066726664554e-10
70,1.2037752931469494e-10,0,1.2037752931469494e-10
71,1.2154999458945952e-10,0,1.2154999458945952e-10
72,1.2272875891417687e-10,0,1.2272875891417687e-10
73,1.239758398514658e-10,0,1.239758398514658e-10
74,1.252751999756317e-10,0,1.252751999756317e-10
75,1.2655343601044156e-10,0,1.2655343601044156e-10
76,1.2786071739992973e-10,0,1.2786071739992973e-10
77,1.2921412921714526e-10,0,1.2921412921714526e-10
78,1.305830139556834e-10,0,1.305830139556834e-10
79,1.3195654816006733e-10,0,1.3195654816006733e-10
80,1.3328832152302123e-10,0,1.3328832152302123e-10
81,1.3458771881004964e-10,0,1.3458771881004964e-10
82,1.359206749470808e-10,0,1.359206749470808e-10
83,1.372529677580865e-10,0,1.372529677580865e-10
84,1.385605853869906e-10,0,1.385605853869906e-10
85,1.3985086882088566e-10,0,1.3985086882088566e-10
86,1.4114448881354384e-10,0,1.4114448881354384e-10
87,1.4249074568766345e-10,0,1.4249074568766345e-10
88,1.4389660152253585e-10,0,1.4389660152253585e-10
89,1.4539740258688686e-10,0,1.4539740258688686e-10
90,1.4702293941893053e-10,0,1.4702293941893053e-10
91,1.4871432041458464e-10,0,1.4871432041458464e-10
92,1.5045885591310085e-10,0,1.5045885591310085e-10
93,1.523107914136739e-10,0,1.523107914136739e-10
94,1.5422107645908187e-10,0,1.5422107645908187e-10
95,1.5614914818824681e-10,0,1.5614914818824681e-10
96,1.580454390071057e-10,0,1.580454390071057e-10
97,1.6007158006289303e-10,0,1.6007158006289303e-10
98,1.6232033293414073e-10,0,1.6232033293414073e-10
99,1.6471638165635316e-10,0,1.6471638165635316e-10
100,1.6712320897567564e-10,0,1.6712320897567564e-10
101,1.6923525084606627e-10,0,1.6923525084606627e-10
102,1.7106717938469204e-10,0,1.7106717938469204e-10
103,1.7288590598988103e-10,0,1.7288590598988103e-10
104,1.7454258261471473e-10,0,1.7454258261471473e-10
105,1.7613002506905572e-10,0,1.7613002506905572e-10
106,1.7771980670536778e-10,0,1.7771980670536778e-10
107,1.7925543330687044e-10,0,1.7925543330687044e-10
108,1.8107610219306708e-10,0,1.8107610219306708e-10
109,1.8315843311056247e-10,0,1.8315843311056247e-10
110,1.852565739875116e-10,0,1.852565739875116e-10
111,1.8745817993034687e-10,0,1.8745817993034687e-10
112,1.8963513956002518e-10,0,1.8963513956002518e-10
113,1.9189510145312707e-10,0,1.9189510145312707e-10
114,1.944008665189932e-10,0,1.944008665189932e-10
115,1.9705225686864345e-10,0,1.9705225686864345e-10
116,1.998889926724281e-10,0,1.998889926724281e-10
117,2.0293628015038373e-10,0,2.0293628015038373e-10
118,2.0604404886018918e-10,0,2.0604404886018918e-10
119,2.0929406456954412e-10,0,2.0929406456954412e-10
120,2.1262942625125374e-10,0,2.1262942625125374e-10
121,2.1603833940431651e-10,0,2.1603833940431651e-10
122,2.1960363207700958e-10,0,2.1960363207700958e-10
123,2.2333857328749223e-10,0,2.2333857328749223e-10
124,2.2724529679321582e-10,0,2.2724529679321582e-10
125,2.3110309987312692e-10,0,2.3110309987312692e-10
126,2.34868005715684e-10,0,2.34868005715684e-10
127,2.38741424118445e-10,0,2.38741424118445e-10
128,2.4273148557762544e-10,0,2.4273148557762544e-10
129,2.466955805338511e-10,0,2.466955805338511e-10
130,2.506121228037131e-10,0,2.506121228037131e-10
131,2.5454444638380077e-10,0,2.5454444638380077e-10
132,2.587900978068137e-10,0,2.587900978068137e-10
133,2.6304475113853607e-10,0,2.6304475113853607e-10
134,2.6705718749777244e-10,0,2.6705718749777244e-10
135,2.711695313256808e-10,0,2.711695313256808e-10
136,2.7557989841167784e-10,0,2.7557989841167784e-10
137,2.8015056972969445e-10,0,2.8015056972969445e-10
138,2.84772659411419e-10,0,2.84772659411419e-10
139,2.8957336546243983e-10,0,2.8957336546243983e-10
140,2.948710584752402e-10,0,2.948710584752402e-10
141,3.003817413195641e-10,0,3.003817413195641e-10
142,3.057851652290779e-10,0,3.057851652290779e-10
143,3.1149023956682507e-10,0,3.1149023956682507e-10
144,3.1769776542053466e-10,0,3.1769776542053466e-10
145,3.242190348367712e-10,0,3.242190348367712e-10
146,3.309693586566813e-10,0,3.309693586566813e-10
147,3.382016782544803e-10,0,3.382016782544803e-10
148,3.4627495503082497e-10,0,3.4627495503082497e-10
149,3.551315769686739e-10,0,3.551315769686739e-10
150,3.6427311236816973e-10,0,3.6427311236816973e-10
151,3.734662147290261e-10,0,3.734662147290261e-10
152,3.829064565961588e-10,0,3.829064565961588e-10
153,3.9250601914102487e-10,0,3.9250601914102487e-10
154,4.021263091545655e-10,0,4.021263091545655e-10
155,4.118331467109889e-10,0,4.118331467109889e-10
156,4.2161502240302775e-10,0,4.2161502240302775e-10
157,4.309123325826791e-10,0,4.309123325826791e-10
158,4.401922838705024e-10,0,4.401922838705024e-10
159,4.5152834688078875e-10,0,4.5152834688078875e-10
160,4.652541729633725e-10,0,4.652541729633725e-10
161,4.802243397241027e-10,0,4.802243397241027e-10
162,4.963602179102655e-10,0,4.963602179102655e-10
163,5.142711138147179e-10,0,5.142711138147179e-10
164,5.351230227724454e-10,0,5.351230227724454e-10
165,5.570662274487538e-10,0,5.570662274487538e-10
166,5.776317267982184e-10,0,5.776317267982184e-10
167,5.973907155078458e-10,0,5.973907155078458e-10
168,6.178812248282747e-10,0,6.178812248282747e-10
169,6.406904556923756e-10,0,6.406904556923756e-10
170,6.655127141997581e-10,0,6.655127141997581e-10
171,6.908474702553516e-10,0,6.908474702553516e-10
172,7.196012410708609e-10,0,7.196012410708609e-10
173,7.540073905669287e-10,0,7.540073905669287e-10
174,7.934036080865773e-10,0,7.934036080865773e-10
175,8.362986079793122e-10,0,8.362986079793122e-10
176,8.811507994024657e-10,0,8.811507994024657e-10
177,9.294569813040765e-10,0,9.294569813040765e-10
178,9.833998567381005e-10,0,9.833998567381005e-10
179,1.0435899593006868e-09,0,1.0435899593006868e-09
180,1.1089144255972774e-09,0,1.1089144255972774e-09
181,1.176187425201191e-09,0,1.176187425201191e-09
182,1.249512838154766e-09,0,1.249512838154766e-09
183,1.332183869679406e-09,0,1.332183869679406e-09
184,1.425458263340928e-09,0,1.425458263340928e-09
185,1.5377435936286804e-09,0,1.5377435936286804e-09
186,1.6762674035383168e-09,0,1.6762674035383168e-09
187,1.8366389101075687e-09,0,1.8366389101075687e-09
188,2.036331038762134e-09,0,2.036331038762134e-09
189,2.286679224228334e-09,0,2.286679224228334e-09
190,2.6084745529654793e-09,0,2.6084745529654793e-09
191,3.0114985181681736e-09,0,3.0114985181681736e-09
192,3.5235611387795888e-09,0,3.5235611387795888e-09
193,4.202184096138088e-09,0,4.202184096138088e-09
194,5.184403456599644e-09,0,5.184403456599644e-09
195,6.553265274073193e-09,0,6.553265274073193e-09
196,8.565215695085601e-09,0,8.565215695085601e-09
197,1.155574695566325e-08,0,1.155574695566325e-08
198,1.6489099602614468e-08,0,1.6489099602614468e-08
199,2.4446676937951326e-08,0,2.4446676937951326e-08
200,3.898453109556878e-08,0,3.898453109556878e-08
201,6.290519375493581e-08,0,6.290519375493581e-08
202,1.015034243106697e-07,0,1.015034243106697e-07
203,1.6378528594840295e-07,0,1.6378528594840295e-07
