Temperature: 20 C
Humidity: 64 %
Date: 1970-01-01 00:00:00.000000
voltage,pad,gr,totalCurrent
0,6.553322836013198e-11,0,6.553322836013198e-11
1,4.9360266385217284e-11,0,4.9360266385217284e-11
2,3.717863377995658e-11,0,3.717863377995658e-11
3,2.8003370854344937e-11,0,2.8003370854344937e-11
4,1.956732970380322e-11,0,1.956732970380322e-11
5,1.6302905630849706e-11,0,1.6302905630849706e-11
6,1.457820048296042e-11,0,1.457820048296042e-11
7,1.3360098789794887e-11,0,1.3360098789794887e-11
8,1.3062545975856357e-11,0,1.3062545975856357e-11
9,1.3638618874431212e-11,0,1.3638618874431212e-11
10,1.517705925412276e-11,0,1.517705925412276e-11
11,1.7985396053910287e-11,0,1.7985396053910287e-11
12,2.0358660441662028e-11,0,2.0358660441662028e-11
13,2.3412444153955436e-11,0,2.3412444153955436e-11
14,2.717047869910235e-11,0,2.717047869910235e-11
15,3.0352330288948856e-11,0,3.0352330288948856e-11
16,3.6836508347090503e-11,0,3.6836508347090503e-11
17,4.435563636445891e-11,0,4.435563636445891e-11
18,5.2156223426236316e-11,0,5.2156223426236316e-11
19,6.132865775469223e-11,0,6.132865775469223e-11
20,7.125974079426116e-11,0,7.125974079426116e-11
21,8.287047168652967e-11,0,8.287047168652967e-11
22,9.569900892763711e-11,0,9.569900892763711e-11
23,9.97764862973587e-11,0,9.97764862973587e-11
24,1.1020662887315152e-10,0,1.1020662887315152e-10
25,1.27418426830514e-10,0,1.27418426830514e-10
26,1.4731799720494554e-10,0,1.4731799720494554e-10
27,1.647514706212701e-10,0,1.647514706212701e-10
28,1.773845016946596e-10,0,1.773845016946596e-10
29,1.87280845958614e-10,0,1.87280845958614e-10
30,1.9290274238369695e-10,0,1.9290274238369695e-10
31,1.9515492880310864e-10,0,1.9515492880310864e-10
32,1.8950193104393448e-10,0,1.8950193104393448e-10
33,1.8401268207584246e-10,0,1.8401268207584246e-10
34,1.7936686519542593e-10,0,1.7936686519542593e-10
35,1.7367164888440378e-10,0,1.7367164888440378e-10
36,1.6815726579915044e-10,0,1.6815726579915044e-10
37,1.7023040794072348e-10,0,1.7023040794072348e-10
38,1.65745737167466e-10,0,1.65745737167466e-10
39,1.6349763199795418e-10,0,1.6349763199795418e-10
40,1.565450017996583e-10,0,1.565450017996583e-10
41,1.537679436599892e-10,0,1.537679436599892e-10
42,1.542505423952492e-10,0,1.542505423952492e-10
43,1.575108400383576e-10,0,1.575108400383576e-10
44,1.5896432393431982e-10,0,1.5896432393431982e-10
45,1.605732574684177e-10,0,1.605732574684177e-10
46,1.6205500084427488e-10,0,1.6205500084427488e-10
47,1.6709568709912022e-10,0,1.6709568709912022e-10
48,1.7229278448442053e-10,0,1.7229278448442053e-10
49,1.779498172730143e-10,0,1.779498172730143e-10
50,1.805527862050016e-10,0,1.805527862050016e-10
51,1.8171422393437011e-10,0,1.8171422393437011e-10
52,1.8159335829495927e-10,0,1.8159335829495927e-10
53,1.8156584567652173e-10,0,1.8156584567652173e-10
54,1.8306193040247933e-10,0,1.8306193040247933e-10
55,1.886474669367326e-10,0,1.886474669367326e-10
56,1.9559124495085809e-10,0,1.9559124495085809e-10
57,2.0279016578324216e-10,0,2.0279016578324216e-10
58,2.049178092698718e-10,0,2.049178092698718e-10
59,2.081916587943983e-10,0,2.081916587943983e-10
60,2.1499103433316792e-10,0,2.1499103433316792e-10
61,2.2719989127048576e-10,0,2.2719989127048576e-10
62,2.295498625464716e-10,0,2.295498625464716e-10
63,2.3000347111674954e-10,0,2.3000347111674954e-10
64,2.289764416277287e-10,0,2.289764416277287e-10
65,2.345170421272571e-10,0,2.345170421272571e-10
66,2.4447535878728563e-10,0,2.4447535878728563e-10
67,2.537848398127657e-10,0,2.537848398127657e-10
68,2.5743376721559234e-10,0,2.5743376721559234e-10
69,2.6101591262454635e-10,0,2.6101591262454635e-10
70,2.6233753621811855e-10,0,2.6233753621811855e-10
71,2.653724179544031e-10,0,2.653724179544031e-10
72,2.657187887554661e-10,0,2.657187887554661e-10
73,2.6140308863250306e-10,0,2.6140308863250306e-10
74,2.5703158596769375e-10,0,2.5703158596769375e-10
75,2.5273318892550123e-10,0,2.5273318892550123e-10
76,2.544293270156795e-10,0,2.544293270156795e-10
77,2.5416798715393895e-10,0,2.5416798715393895e-10
78,2.5390635817257757e-10,0,2.5390635817257757e-10
79,2.5459755296048063e-10,0,2.5459755296048063e-10
80,2.568290390928668e-10,0,2.568290390928668e-10
81,2.6066994797844935e-10,0,2.6066994797844935e-10
82,2.645677171449403e-10,0,2.645677171449403e-10
83,2.728377773114214e-10,0,2.728377773114214e-10
84,2.8348986467749504e-10,0,2.8348986467749504e-10
85,3.0243418185511446e-10,0,3.0243418185511446e-10
86,3.219763287100368e-10,0,3.219763287100368e-10
87,3.407279502390415e-10,0,3.407279502390415e-10
88,3.50004078311459e-10,0,3.50004078311459e-10
89,3.5596073265124665e-10,0,3.5596073265124665e-10
90,3.562946579842967e-10,0,3.562946579842967e-10
91,3.5669938498402427e-10,0,3.5669938498402427e-10
92,3.4382984741973157e-10,0,3.4382984741973157e-10
93,3.3211164472413934e-10,0,3.3211164472413934e-10
94,3.229918121248349e-10,0,3.229918121248349e-10
95,3.202121827091545e-10,0,3.202121827091545e-10
96,3.2474345948767676e-10,0,3.2474345948767676e-10
97,3.370251240511383e-10,0,3.370251240511383e-10
98,3.472831773968286e-10,0,3.472831773968286e-10
99,3.645844115620029e-10,0,3.645844115620029e-10
100,3.9615931589561337e-10,0,3.9615931589561337e-10
101,4.3070326264200693e-10,0,4.3070326264200693e-10
102,4.682943037391911e-10,0,4.682943037391911e-10
103,5.0273679872041e-10,0,5.0273679872041e-10
104,5.138839110214569e-10,0,5.138839110214569e-10
105,5.290415247197393e-10,0,5.290415247197393e-10
106,5.530962482536037e-10,0,5.530962482536037e-10
107,5.749110279177027e-10,0,5.749110279177027e-10
108,5.931971849883968e-10,0,5.931971849883968e-10
109,6.014408532582611e-10,0,6.014408532582611e-10
110,6.03706170660286e-10,0,6.03706170660286e-10
111,6.21922770309782e-10,0,6.21922770309782e-10
112,6.573139742169245e-10,0,6.573139742169245e-10
113,6.840784288974548e-10,0,6.840784288974548e-10
114,6.955907863593488e-10,0,6.955907863593488e-10
115,7.145639457830244e-10,0,7.145639457830244e-10
116,7.424879197460509e-10,0,7.424879197460509e-10
117,7.846900450986499e-10,0,7.846900450986499e-10
118,8.664779035835933e-10,0,8.664779035835933e-10
119,9.56055391840443e-10,0,9.56055391840443e-10
120,1.0474332177528973e-09,0,1.0474332177528973e-09
121,1.1078581029107548e-09,0,1.1078581029107548e-09
122,1.1469350932941205e-09,0,1.1469350932941205e-09
123,1.1899928646087332e-09,0,1.1899928646087332e-09
124,1.2093710983015691e-09,0,1.2093710983015691e-09
125,1.176316572745848e-09,0,1.176316572745848e-09
126,1.116079573929705e-09,0,1.116079573929705e-09
127,1.0736714162758325e-09,0,1.0736714162758325e-09
128,1.0707189368045418e-09,0,1.0707189368045418e-09
129,1.0797976089349804e-09,0,1.0797976089349804e-09
130,1.0988619760782929e-09,0,1.0988619760782929e-09
131,1.133798467873269e-09,0,1.133798467873269e-09
132,1.1488911724089015e-09,0,1.1488911724089015e-09
133,1.164187341882639e-09,0,1.164187341882639e-09
134,1.1966461183315702e-09,0,1.1966461183315702e-09
135,1.2223763342162341e-09,0,1.2223763342162341e-09
136,1.2538280786028615e-09,0,1.2538280786028615e-09
137,1.2717048560235869e-09,0,1.2717048560235869e-09
138,1.321456105974187e-09,0,1.321456105974187e-09
139,1.4113890997718507e-09,0,1.4113890997718507e-09
140,1.5105607071339807e-09,0,1.5105607071339807e-09
141,1.5828195996057374e-09,0,1.5828195996057374e-09
142,1.7019228341491998e-09,0,1.7019228341491998e-09
143,1.8400460072447446e-09,0,1.8400460072447446e-09
144,1.9785266118891397e-09,0,1.9785266118891397e-09
145,2.1139708352104285e-09,0,2.1139708352104285e-09
146,2.300671185352543e-09,0,2.300671185352543e-09
147,2.525567665980399e-09,0,2.525567665980399e-09
148,2.839159883008541e-09,0,2.839159883008541e-09
149,3.1846679378434734e-09,0,3.1846679378434734e-09
150,3.7927958317639165e-09,0,3.7927958317639165e-09
151,4.965728066904022e-09,0,4.965728066904022e-09
152,7.407600351799851e-09,0,7.407600351799851e-09
153,1.1468507241876273e-08,0,1.1468507241876273e-08
154,1.6461838920018236e-08,0,1.6461838920018236e-08
155,2.2130839209410523e-08,0,2.2130839209410523e-08
156,2.748202732489767e-08,0,2.748202732489767e-08
157,2.8224476562351356e-08,0,2.8224476562351356e-08
158,2.478388188140919e-08,0,2.478388188140919e-08
159,1.8762105524287576e-08,0,1.8762105524287576e-08
160,1.4889273139839748e-08,0,1.4889273139839748e-08
161,1.2855695388910866e-08,0,1.2855695388910866e-08
162,1.1323640486881396e-08,0,1.1323640486881396e-08
163,1.0546005132653667e-08,0,1.0546005132653667e-08
164,9.819691739913538e-09,0,9.819691739913538e-09
165,9.72520638622686e-09,0,9.72520638622686e-09
166,9.631630173305261e-09,0,9.631630173305261e-09
167,9.08590729642484e-09,0,9.08590729642484e-09
168,8.406586280356725e-09,0,8.406586280356725e-09
169,7.960737303166143e-09,0,7.960737303166143e-09
170,8.214088246797138e-09,0,8.214088246797138e-09
171,9.93141625168966e-09,0,9.93141625168966e-09
172,1.2496472928409295e-08,0,1.2496472928409295e-08
173,1.5854581446403417e-08,0,1.5854581446403417e-08
174,1.8922228989976767e-08,0,1.8922228989976767e-08
175,2.4983599552362872e-08,0,2.4983599552362872e-08
176,3.631709029717204e-08,0,3.631709029717204e-08
177,5.200132207506532e-08,0,5.200132207506532e-08
178,6.679181478086229e-08,0,6.679181478086229e-08
179,8.039536272656734e-08,0,8.039536272656734e-08
180,9.59729064725221e-08,0,9.59729064725221e-08
181,1.1352696049665186e-07,0,1.1352696049665186e-07
182,1.3429161502381595e-07,0,1.3429161502381595e-07
183,1.5885440416671468e-07,0,1.5885440416671468e-07
