Temperature: 20 C
Humidity: 56 %
Date: 1970-01-01 00:00:00.000000
voltage,pad,gr,totalCurrent
0,6.309423809390852e-11,0,6.309423809390852e-11
1,4.8167651305850104e-11,0,4.8167651305850104e-11
2,3.677233773500406e-11,0,3.677233773500406e-11
3,2.807288264713406e-11,0,2.807288264713406e-11
4,1.9888940152363665e-11,0,1.9888940152363665e-11
5,1.6976303842627827e-11,0,1.6976303842627827e-11
6,1.533158055879161e-11,0,1.533158055879161e-11
7,1.417473691312555e-11,0,1.417473691312555e-11
8,1.4010753322349968e-11,0,1.4010753322349968e-11
9,1.497278214071462e-11,0,1.497278214071462e-11
10,1.6864872816194547e-11,0,1.6864872816194547e-11
11,2.0215037574802047e-11,0,2.0215037574802047e-11
12,2.2777986702681066e-11,0,2.2777986702681066e-11
13,2.611896406478176e-11,0,2.611896406478176e-11
14,3.0246738968506575e-11,0,3.0246738968506575e-11
15,3.379411041276431e-11,0,3.379411041276431e-11
16,4.061803150074885e-11,0,4.061803150074885e-11
17,4.8715255611389025e-11,0,4.8715255611389025e-11
18,5.727587908951864e-11,0,5.727587908951864e-11
19,6.773206779645116e-11,0,6.773206779645116e-11
20,7.885125759593465e-11,0,7.885125759593465e-11
21,9.139014219000248e-11,0,9.139014219000248e-11
22,1.057249652976628e-10,0,1.057249652976628e-10
23,1.1125706295714421e-10,0,1.1125706295714421e-10
24,1.2350575714943263e-10,0,1.2350575714943263e-10
25,1.441189104468174e-10,0,1.441189104468174e-10
26,1.6817240611097445e-10,0,1.6817240611097445e-10
27,1.8788925283229545e-10,0,1.8788925283229545e-10
28,2.0287479237857432e-10,0,2.0287479237857432e-10
29,2.1276861287876748e-10,0,2.1276861287876748e-10
30,2.1851169105808597e-10,0,2.1851169105808597e-10
31,2.174657663509133e-10,0,2.174657663509133e-10
32,2.056241461687052e-10,0,2.056241461687052e-10
33,1.944269084326253e-10,0,1.944269084326253e-10
34,1.8529034212241218e-10,0,1.8529034212241218e-10
35,1.7687340814538326e-10,0,1.7687340814538326e-10
36,1.6883918961010872e-10,0,1.6883918961010872e-10
37,1.6711697028638622e-10,0,1.6711697028638622e-10
38,1.6273611931447552e-10,0,1.6273611931447552e-10
39,1.609280172382258e-10,0,1.609280172382258e-10
40,1.5369367606457178e-10,0,1.5369367606457178e-10
41,1.5183092739859252e-10,0,1.5183092739859252e-10
42,1.5297849850725954e-10,0,1.5297849850725954e-10
43,1.5614949107907748e-10,0,1.5614949107907748e-10
44,1.5853206300379477e-10,0,1.5853206300379477e-10
45,1.6014681955024296e-10,0,1.6014681955024296e-10
46,1.6177802348692184e-10,0,1.6177802348692184e-10
47,1.680649763152239e-10,0,1.680649763152239e-10
48,1.745962501891993e-10,0,1.745962501891993e-10
49,1.8016267663837025e-10,0,1.8016267663837025e-10
50,1.8350827910740647e-10,0,1.8350827910740647e-10
51,1.8602213674757266e-10,0,1.8602213674757266e-10
52,1.866895768828304e-10,0,1.866895768828304e-10
53,1.8735941176713217e-10,0,1.8735941176713217e-10
54,1.8932100076007386e-10,0,1.8932100076007386e-10
55,1.9438037697366987e-10,0,1.9438037697366987e-10
56,1.9980736659809674e-10,0,1.9980736659809674e-10
57,2.0538542367803398e-10,0,2.0538542367803398e-10
58,2.054657190058919e-10,0,2.054657190058919e-10
59,2.074733130828103e-10,0,2.074733130828103e-10
60,2.1232288334681942e-10,0,2.1232288334681942e-10
61,2.2317188836578066e-10,0,2.2317188836578066e-10
62,2.2477277023479568e-10,0,2.2477277023479568e-10
63,2.26582081978532e-10,0,2.26582081978532e-10
64,2.2749543919885236e-10,0,2.2749543919885236e-10
65,2.3320700139761965e-10,0,2.3320700139761965e-10
66,2.446036989949259e-10,0,2.446036989949259e-10
67,2.5519758723119325e-10,0,2.5519758723119325e-10
68,2.5922804462122037e-10,0,2.5922804462122037e-10
69,2.6550764705911445e-10,0,2.6550764705911445e-10
70,2.688529987788736e-10,0,2.688529987788736e-10
71,2.733307060226873e-10,0,2.733307060226873e-10
72,2.761899591067046e-10,0,2.761899591067046e-10
73,2.7275511004768777e-10,0,2.7275511004768777e-10
74,2.698934830666498e-10,0,2.698934830666498e-10
75,2.671275689970682e-10,0,2.671275689970682e-10
76,2.6925061736393053e-10,0,2.6925061736393053e-10
77,2.688494565301724e-10,0,2.688494565301724e-10
78,2.6844889339240517e-10,0,2.6844889339240517e-10
79,2.686163611334862e-10,0,2.686163611334862e-10
80,2.7036268726535757e-10,0,2.7036268726535757e-10
81,2.712219373604222e-10,0,2.712219373604222e-10
82,2.7332410377765404e-10,0,2.7332410377765404e-10
83,2.799962002905498e-10,0,2.799962002905498e-10
84,2.9073489597206215e-10,0,2.9073489597206215e-10
85,3.0935460206372354e-10,0,3.0935460206372354e-10
86,3.3043995915982146e-10,0,3.3043995915982146e-10
87,3.5090293155079213e-10,0,3.5090293155079213e-10
88,3.6782432742242216e-10,0,3.6782432742242216e-10
89,3.7875607196140737e-10,0,3.7875607196140737e-10
90,3.8376506493367485e-10,0,3.8376506493367485e-10
91,3.8724515466286327e-10,0,3.8724515466286327e-10
92,3.7212775454404565e-10,0,3.7212775454404565e-10
93,3.562226850771117e-10,0,3.562226850771117e-10
94,3.4588433464494097e-10,0,3.4588433464494097e-10
95,3.392936660243555e-10,0,3.392936660243555e-10
96,3.438389077977562e-10,0,3.438389077977562e-10
97,3.531438913795884e-10,0,3.531438913795884e-10
98,3.5902702785413943e-10,0,3.5902702785413943e-10
99,3.7785390387052196e-10,0,3.7785390387052196e-10
100,4.092467192998568e-10,0,4.092467192998568e-10
101,4.394312416954544e-10,0,4.394312416954544e-10
102,4.741218484105994e-10,0,4.741218484105994e-10
103,5.016571750378896e-10,0,5.016571750378896e-10
104,5.096573029378323e-10,0,5.096573029378323e-10
105,5.230831245134339e-10,0,5.230831245134339e-10
106,5.486242228262439e-10,0,5.486242228262439e-10
107,5.757714039294158e-10,0,5.757714039294158e-10
108,6.008956457441327e-10,0,6.008956457441327e-10
109,6.157533402678097e-10,0,6.157533402678097e-10
110,6.259921260629604e-10,0,6.259921260629604e-10
111,6.53970914682753e-10,0,6.53970914682753e-10
112,6.994107200132636e-10,0,6.994107200132636e-10
113,7.261762194671464e-10,0,7.261762194671464e-10
114,7.321791335490671e-10,0,7.321791335490671e-10
115,7.496241983528216e-10,0,7.496241983528216e-10
116,7.74822311335275e-10,0,7.74822311335275e-10
117,8.076048268445636e-10,0,8.076048268445636e-10
118,8.918496241047601e-10,0,8.918496241047601e-10
119,9.800174882697345e-10,0,9.800174882697345e-10
120,1.074501644871359e-09,0,1.074501644871359e-09
121,1.1358842852107544e-09,0,1.1358842852107544e-09
122,1.1690367889996556e-09,0,1.1690367889996556e-09
123,1.2034871981445848e-09,0,1.2034871981445848e-09
124,1.2223602289058902e-09,0,1.2223602289058902e-09
125,1.171822847491953e-09,0,1.171822847491953e-09
126,1.102782854992426e-09,0,1.102782854992426e-09
127,1.051274470183269e-09,0,1.051274470183269e-09
128,1.0468353687704505e-09,0,1.0468353687704505e-09
129,1.0544465228502225e-09,0,1.0544465228502225e-09
130,1.0772776555397912e-09,0,1.0772776555397912e-09
131,1.1150482566410196e-09,0,1.1150482566410196e-09
132,1.1388063762822857e-09,0,1.1388063762822857e-09
133,1.1630707056284028e-09,0,1.1630707056284028e-09
134,1.2035744122892577e-09,0,1.2035744122892577e-09
135,1.23665602187733e-09,0,1.23665602187733e-09
136,1.2808328185377535e-09,0,1.2808328185377535e-09
137,1.3075460271239571e-09,0,1.3075460271239571e-09
138,1.3707586126027612e-09,0,1.3707586126027612e-09
139,1.466167105855732e-09,0,1.466167105855732e-09
140,1.5764959924927237e-09,0,1.5764959924927237e-09
141,1.6613052886997213e-09,0,1.6613052886997213e-09
142,1.793381146528588e-09,0,1.793381146528588e-09
143,1.9438037697366988e-09,0,1.9438037697366988e-09
144,2.0971455371120485e-09,0,2.0971455371120485e-09
145,2.236639670492808e-09,0,2.236639670492808e-09
146,2.4562529775018377e-09,0,2.4562529775018377e-09
147,2.7080535115391475e-09,0,2.7080535115391475e-09
148,3.0599070673523045e-09,0,3.0599070673523045e-09
149,3.461168298578603e-09,0,3.461168298578603e-09
150,4.094219977724088e-09,0,4.094219977724088e-09
151,5.29634339362724e-09,0,5.29634339362724e-09
152,7.800239967131436e-09,0,7.800239967131436e-09
153,1.2002989780649994e-08,0,1.2002989780649994e-08
154,1.68969560906106e-08,0,1.68969560906106e-08
155,2.266843526620197e-08,0,2.266843526620197e-08
156,2.7687705582205735e-08,0,2.7687705582205735e-08
157,2.8552373977953823e-08,0,2.8552373977953823e-08
158,2.5432040276623913e-08,0,2.5432040276623913e-08
159,1.960035713683697e-08,0,1.960035713683697e-08
160,1.559295100227691e-08,0,1.559295100227691e-08
161,1.3701221303724737e-08,0,1.3701221303724737e-08
162,1.2401668266212171e-08,0,1.2401668266212171e-08
163,1.202315705909379e-08,0,1.202315705909379e-08
164,1.1312655150187252e-08,0,1.1312655150187252e-08
165,1.1228434108896588e-08,0,1.1228434108896588e-08
166,1.114484008077851e-08,0,1.114484008077851e-08
167,1.049747346351132e-08,0,1.049747346351132e-08
168,9.696120739238343e-09,0,9.696120739238343e-09
169,8.895514384342224e-09,0,8.895514384342224e-09
170,8.992457681585983e-09,0,8.992457681585983e-09
171,1.0919728046949761e-08,0,1.0919728046949761e-08
172,1.3846659863748327e-08,0,1.3846659863748327e-08
173,1.7560557812595968e-08,0,1.7560557812595968e-08
174,2.0990575479299945e-08,0,2.0990575479299945e-08
175,2.7958823857336258e-08,0,2.7958823857336258e-08
176,4.0998744484130145e-08,0,4.0998744484130145e-08
177,5.833794901987368e-08,0,5.833794901987368e-08
178,7.452214829229337e-08,0,7.452214829229337e-08
179,8.879442831928413e-08,0,8.879442831928413e-08
180,1.055669803346019e-07,0,1.055669803346019e-07
181,1.1455092085230769e-07,0,1.1455092085230769e-07
182,1.0749476858803759e-07,0,1.0749476858803759e-07
183,1.0087326394079325e-07,0,1.0087326394079325e-07
184,9.4659737249646e-08,0,9.4659737249646e-08
