Temperature: 20 C
Humidity: 52 %
Date: 1970-01-01 00:00:00.000000
voltage,pad,gr,totalCurrent
26,1.1421196439160461e-09,0,1.1421196439160461e-09
27,1.1893502095312472e-09,0,1.1893502095312472e-09
28,1.236778229603527e-09,0,1.236778229603527e-09
29,1.287428417539787e-09,0,1.287428417539787e-09
30,1.3326315256025327e-09,0,1.3326315256025327e-09
31,1.3738232757450824e-09,0,1.3738232757450824e-09
32,1.413020269372475e-09,0,1.413020269372475e-09
33,1.4514379600425366e-09,0,1.4514379600425366e-09
34,1.483226335404578e-09,0,1.483226335404578e-09
35,1.508899771466553e-09,0,1.508899771466553e-09
36,1.5245836048417756e-09,0,1.5245836048417756e-09
37,1.5454856592738034e-09,0,1.5454856592738034e-09
38,1.5689499609677168e-09,0,1.5689499609677168e-09
39,1.5983975559676158e-09,0,1.5983975559676158e-09
40,1.6281547144057611e-09,0,1.6281547144057611e-09
41,1.6538979938137545e-09,0,1.6538979938137545e-09
42,1.6800151056363136e-09,0,1.6800151056363136e-09
43,1.7122164089846451e-09,0,1.7122164089846451e-09
44,1.7540979485313978e-09,0,1.7540979485313978e-09
45,1.7886459187283724e-09,0,1.7886459187283724e-09
46,1.8128935625509546e-09,0,1.8128935625509546e-09
47,1.8305951848634615e-09,0,1.8305951848634615e-09
48,1.8510692914343747e-09,0,1.8510692914343747e-09
49,1.876089016327927e-09,0,1.876089016327927e-09
50,1.901526251511887e-09,0,1.901526251511887e-09
51,1.9273295424313765e-09,0,1.9273295424313765e-09
52,1.9797217593747266e-09,0,1.9797217593747266e-09
53,2.047905038254648e-09,0,2.047905038254648e-09
54,2.1444691797892396e-09,0,2.1444691797892396e-09
55,2.247273652606618e-09,0,2.247273652606618e-09
56,2.344516488132055e-09,0,2.344516488132055e-09
57,2.4333400949578617e-09,0,2.4333400949578617e-09
58,2.5106930759839478e-09,0,2.5106930759839478e-09
59,2.5740832983758496e-09,0,2.5740832983758496e-09
60,2.6282707691166666e-09,0,2.6282707691166666e-09
61,2.650323184798579e-09,0,2.650323184798579e-09
62,2.653648424996179e-09,0,2.653648424996179e-09
63,2.662713498992324e-09,0,2.662713498992324e-09
64,2.6760019137189787e-09,0,2.6760019137189787e-09
65,2.695505489619262e-09,0,2.695505489619262e-09
66,2.6998299009221225e-09,0,2.6998299009221225e-09
67,2.69761943836916e-09,0,2.69761943836916e-09
68,2.7106772582603285e-09,0,2.7106772582603285e-09
69,2.7372953704919254e-09,0,2.7372953704919254e-09
70,2.7552060005505603e-09,0,2.7552060005505603e-09
71,2.7732277333928905e-09,0,2.7732277333928905e-09
72,2.785005941942404e-09,0,2.785005941942404e-09
73,2.7917167555117474e-09,0,2.7917167555117474e-09
74,2.7942742931855854e-09,0,2.7942742931855854e-09
75,2.781082467426414e-09,0,2.781082467426414e-09
76,2.7689195219410454e-09,0,2.7689195219410454e-09
77,2.765789929459868e-09,0,2.765789929459868e-09
78,2.754836962965776e-09,0,2.754836962965776e-09
79,2.739165389978548e-09,0,2.739165389978548e-09
80,2.7178892639163578e-09,0,2.7178892639163578e-09
81,2.6982592788493354e-09,0,2.6982592788493354e-09
82,2.6785887247057536e-09,0,2.6785887247057536e-09
83,2.650148593915814e-09,0,2.650148593915814e-09
84,2.6169485313892958e-09,0,2.6169485313892958e-09
85,2.583058074932206e-09,0,2.583058074932206e-09
86,2.5507040982620687e-09,0,2.5507040982620687e-09
87,2.5163063389325857e-09,0,2.5163063389325857e-09
88,2.479185618175914e-09,0,2.479185618175914e-09
89,2.4420279235529644e-09,0,2.4420279235529644e-09
90,2.41342167724816e-09,0,2.41342167724816e-09
91,2.391281137432981e-09,0,2.391281137432981e-09
92,2.3789207077924406e-09,0,2.3789207077924406e-09
93,2.3918588230460824e-09,0,2.3918588230460824e-09
94,2.4389035929024514e-09,0,2.4389035929024514e-09
95,2.5082188369220862e-09,0,2.5082188369220862e-09
96,2.5995998412265696e-09,0,2.5995998412265696e-09
97,2.7165527030388727e-09,0,2.7165527030388727e-09
98,2.836966166755619e-09,0,2.836966166755619e-09
99,2.9604408749712352e-09,0,2.9604408749712352e-09
100,3.064351749401202e-09,0,3.064351749401202e-09
101,3.150985934367472e-09,0,3.150985934367472e-09
102,3.2251270604466024e-09,0,3.2251270604466024e-09
103,3.284584551061513e-09,0,3.284584551061513e-09
104,3.3512627031023098e-09,0,3.3512627031023098e-09
105,3.421960994809105e-09,0,3.421960994809105e-09
106,3.495294182366661e-09,0,3.495294182366661e-09
107,3.5722849235732598e-09,0,3.5722849235732598e-09
108,3.6545971235055478e-09,0,3.6545971235055478e-09
109,3.774583272311714e-09,0,3.774583272311714e-09
110,3.927931402524703e-09,0,3.927931402524703e-09
111,4.069311279062144e-09,0,4.069311279062144e-09
112,4.234967952057098e-09,0,4.234967952057098e-09
113,4.405926487444577e-09,0,4.405926487444577e-09
114,4.5694050495568805e-09,0,4.5694050495568805e-09
115,4.691269662093233e-09,0,4.691269662093233e-09
116,4.760863584748865e-09,0,4.760863584748865e-09
117,4.8024121253952286e-09,0,4.8024121253952286e-09
118,4.815834425778344e-09,0,4.815834425778344e-09
119,4.78769185031199e-09,0,4.78769185031199e-09
120,4.759713733272537e-09,0,4.759713733272537e-09
121,4.760800858415417e-09,0,4.760800858415417e-09
122,4.819918171562789e-09,0,4.819918171562789e-09
123,4.89543940585907e-09,0,4.89543940585907e-09
124,4.978447866459279e-09,0,4.978447866459279e-09
125,5.079634701170709e-09,0,5.079634701170709e-09
126,5.2127598609338335e-09,0,5.2127598609338335e-09
127,5.352875600117416e-09,0,5.352875600117416e-09
128,5.470855312841633e-09,0,5.470855312841633e-09
129,5.592859816868446e-09,0,5.592859816868446e-09
130,5.716869510651211e-09,0,5.716869510651211e-09
131,5.876700634010391e-09,0,5.876700634010391e-09
132,6.0375920051720045e-09,0,6.0375920051720045e-09
133,6.2437490889393865e-09,0,6.2437490889393865e-09
134,6.506848643047159e-09,0,6.506848643047159e-09
135,6.782657973299039e-09,0,6.782657973299039e-09
136,7.0578726934217885e-09,0,7.0578726934217885e-09
137,7.3285311346669915e-09,0,7.3285311346669915e-09
138,7.647460902144319e-09,0,7.647460902144319e-09
139,7.979569219559722e-09,0,7.979569219559722e-09
140,8.263278778019552e-09,0,8.263278778019552e-09
141,8.521709659366028e-09,0,8.521709659366028e-09
142,8.863750662088728e-09,0,8.863750662088728e-09
143,9.194470543244947e-09,0,9.194470543244947e-09
144,9.638993274476388e-09,0,9.638993274476388e-09
145,9.96031092659616e-09,0,9.96031092659616e-09
146,1.0461746830377978e-08,0,1.0461746830377978e-08
147,1.1061746943795961e-08,0,1.1061746943795961e-08
148,1.1787575413719996e-08,0,1.1787575413719996e-08
149,1.2468117218253711e-08,0,1.2468117218253711e-08
150,1.3211311435578107e-08,0,1.3211311435578107e-08
151,1.3903498794089292e-08,0,1.3903498794089292e-08
152,1.4668095528174963e-08,0,1.4668095528174963e-08
153,1.5293332286654948e-08,0,1.5293332286654948e-08
154,1.606663722890789e-08,0,1.606663722890789e-08
155,1.7250800538503425e-08,0,1.7250800538503425e-08
156,1.891749269696454e-08,0,1.891749269696454e-08
157,2.1029860850695053e-08,0,2.1029860850695053e-08
158,2.4094792950069444e-08,0,2.4094792950069444e-08
159,2.857906470925455e-08,0,2.857906470925455e-08
160,3.5109408085155886e-08,0,3.5109408085155886e-08
161,4.462091965245846e-08,0,4.462091965245846e-08
162,5.8861738898972945e-08,0,5.8861738898972945e-08
163,8.018352770775669e-08,0,8.018352770775669e-08
164,1.1104276438049481e-07,0,1.1104276438049481e-07
165,1.5500791348316203e-07,0,1.5500791348316203e-07
166,2.1329629261960032e-07,0,2.1329629261960032e-07
167,2.85979922799953e-07,0,2.85979922799953e-07
168,3.68336368679979e-07,0,3.68336368679979e-07
169,4.783982068579572e-07,0,4.783982068579572e-07
170,6.730077972145107e-07,0,6.730077972145107e-07
171,1.0500528241281903e-06,0,1.0500528241281903e-06
172,1.7995529227093926e-06,0,1.7995529227093926e-06
173,3.378465008499486e-06,0,3.378465008499486e-06
174,6.239897556560912e-06,0,6.239897556560912e-06
175,1.3669096304742536e-05,0,1.3669096304742536e-05
176,2.9943438485601477e-05,0,2.9943438485601477e-05
177,6.55939126004927e-05,0,6.55939126004927e-05
