Temperature: 10 C
Humidity: 10 %
Date: 1970-01-01 00:00:00.000000
voltage,pad,gr,totalCurrent
26,4.1657095674580645e-11,0,4.1657095674580645e-11
27,4.281045416784483e-11,0,4.281045416784483e-11
28,4.3544869811985394e-11,0,4.3544869811985394e-11
29,4.420628004960496e-11,0,4.420628004960496e-11
30,4.489330980304412e-11,0,4.489330980304412e-11
31,4.55496886344498e-11,0,4.55496886344498e-11
32,4.607997448266035e-11,0,4.607997448266035e-11
33,4.6433966627491073e-11,0,4.6433966627491073e-11
34,4.672773578107324e-11,0,4.672773578107324e-11
35,4.708484297397492e-11,0,4.708484297397492e-11
36,4.750097230834495e-11,0,4.750097230834495e-11
37,4.7857787992058923e-11,0,4.7857787992058923e-11
38,4.817473855983645e-11,0,4.817473855983645e-11
39,4.84653641724728e-11,0,4.84653641724728e-11
40,4.879651705001062e-11,0,4.879651705001062e-11
41,4.916058157821482e-11,0,4.916058157821482e-11
42,4.9503876200207815e-11,0,4.9503876200207815e-11
43,4.9861063292708377e-11,0,4.9861063292708377e-11
44,5.0262862150520215e-11,0,5.0262862150520215e-11
45,5.067635550472705e-11,0,5.067635550472705e-11
46,5.108203209250338e-11,0,5.108203209250338e-11
47,5.150927679097266e-11,0,5.150927679097266e-11
48,5.1972953464527585e-11,0,5.1972953464527585e-11
49,5.246810305062769e-11,0,5.246810305062769e-11
50,5.29751818688634e-11,0,5.29751818688634e-11
51,5.346989850563922e-11,0,5.346989850563922e-11
52,5.398215447301459e-11,0,5.398215447301459e-11
53,5.4513920410386554e-11,0,5.4513920410386554e-11
54,5.504137539104405e-11,0,5.504137539104405e-11
55,5.5558315440834576e-11,0,5.5558315440834576e-11
56,5.6062257005907106e-11,0,5.6062257005907106e-11
57,5.6579838699728595e-11,0,5.6579838699728595e-11
58,5.713869947590374e-11,0,5.713869947590374e-11
59,5.7739077519540145e-11,0,5.7739077519540145e-11
60,5.837882891142697e-11,0,5.837882891142697e-11
61,5.905898934133084e-11,0,5.905898934133084e-11
62,5.97793580023856e-11,0,5.97793580023856e-11
63,6.051741637321589e-11,0,6.051741637321589e-11
64,6.121926660925683e-11,0,6.121926660925683e-11
65,6.190179236400759e-11,0,6.190179236400759e-11
66,6.257406199892702e-11,0,6.257406199892702e-11
67,6.323169031485333e-11,0,6.323169031485333e-11
68,6.38782727859901e-11,0,6.38782727859901e-11
69,6.45309001356407e-11,0,6.45309001356407e-11
70,6.522355820486431e-11,0,6.522355820486431e-11
71,6.594927908639394e-11,0,6.594927908639394e-11
72,6.667428957512152e-11,0,6.667428957512152e-11
73,6.73985377777974e-11,0,6.73985377777974e-11
74,6.812990507086321e-11,0,6.812990507086321e-11
75,6.886270608329406e-11,0,6.886270608329406e-11
76,6.958428627785362e-11,0,6.958428627785362e-11
77,7.029119714434543e-11,0,7.029119714434543e-11
78,7.10009238874529e-11,0,7.10009238874529e-11
79,7.171498200866439e-11,0,7.171498200866439e-11
80,7.243367645348221e-11,0,7.243367645348221e-11
81,7.317033781801213e-11,0,7.317033781801213e-11
82,7.392455504635173e-11,0,7.392455504635173e-11
83,7.470787025856442e-11,0,7.470787025856442e-11
84,7.551739309397306e-11,0,7.551739309397306e-11
85,7.63744194010344e-11,0,7.63744194010344e-11
86,7.729394019278024e-11,0,7.729394019278024e-11
87,7.825013027844936e-11,0,7.825013027844936e-11
88,7.923798274232258e-11,0,7.923798274232258e-11
89,8.027425830256996e-11,0,8.027425830256996e-11
90,8.13505205566523e-11,0,8.13505205566523e-11
91,8.240211852594476e-11,0,8.240211852594476e-11
92,8.34008034889567e-11,0,8.34008034889567e-11
93,8.440269531678107e-11,0,8.440269531678107e-11
94,8.545470758824715e-11,0,8.545470758824715e-11
95,8.656087999388942e-11,0,8.656087999388942e-11
96,8.771410937094205e-11,0,8.771410937094205e-11
97,8.895983208009315e-11,0,8.895983208009315e-11
98,9.037612862120245e-11,0,9.037612862120245e-11
99,9.190393009601224e-11,0,9.190393009601224e-11
100,9.34723363030367e-11,0,9.34723363030367e-11
101,9.506917857915078e-11,0,9.506917857915078e-11
102,9.670434245121428e-11,0,9.670434245121428e-11
103,9.831752981519384e-11,0,9.831752981519384e-11
104,9.987271792908632e-11,0,9.987271792908632e-11
105,1.0140105662220742e-10,0,1.0140105662220742e-10
106,1.0299054483956002e-10,0,1.0299054483956002e-10
107,1.0465181875634762e-10,0,1.0465181875634762e-10
108,1.0636230926739963e-10,0,1.0636230926739963e-10
109,1.0797904955230154e-10,0,1.0797904955230154e-10
110,1.0955009791871806e-10,0,1.0955009791871806e-10
111,1.1114058752942524e-10,0,1.1114058752942524e-10
112,1.1276308237373008e-10,0,1.1276308237373008e-10
113,1.1426213538997157e-10,0,1.1426213538997157e-10
114,1.1564263556872507e-10,0,1.1564263556872507e-10
115,1.1704983857502078e-10,0,1.1704983857502078e-10
116,1.186202045275676e-10,0,1.186202045275676e-10
117,1.202515056372581e-10,0,1.202515056372581e-10
118,1.2184181399461952e-10,0,1.2184181399461952e-10
119,1.2345315394454265e-10,0,1.2345315394454265e-10
120,1.2526942313799744e-10,0,1.2526942313799744e-10
121,1.2734178463623387e-10,0,1.2734178463623387e-10
122,1.2949932186531786e-10,0,1.2949932186531786e-10
123,1.3175965463901035e-10,0,1.3175965463901035e-10
124,1.3426507726351797e-10,0,1.3426507726351797e-10
125,1.3696062400204446e-10,0,1.3696062400204446e-10
126,1.3969556211660458e-10,0,1.3969556211660458e-10
127,1.4245163883686957e-10,0,1.4245163883686957e-10
128,1.4519480074347446e-10,0,1.4519480074347446e-10
129,1.4793977481451376e-10,0,1.4793977481451376e-10
130,1.5062844407618314e-10,0,1.5062844407618314e-10
131,1.5333567032631164e-10,0,1.5333567032631164e-10
132,1.5620093323188564e-10,0,1.5620093323188564e-10
133,1.5920676483024408e-10,0,1.5920676483024408e-10
134,1.62369885914765e-10,0,1.62369885914765e-10
135,1.6568060045687189e-10,0,1.6568060045687189e-10
136,1.6921146842512865e-10,0,1.6921146842512865e-10
137,1.731054789440677e-10,0,1.731054789440677e-10
138,1.7722915067816744e-10,0,1.7722915067816744e-10
139,1.8164360948646075e-10,0,1.8164360948646075e-10
140,1.8641347180438538e-10,0,1.8641347180438538e-10
141,1.91557447635022e-10,0,1.91557447635022e-10
142,1.9705961308029734e-10,0,1.9705961308029734e-10
143,2.028369287475812e-10,0,2.028369287475812e-10
144,2.08845065667342e-10,0,2.08845065667342e-10
145,2.1535911676649678e-10,0,2.1535911676649678e-10
146,2.222680800488136e-10,0,2.222680800488136e-10
147,2.2952970054089864e-10,0,2.2952970054089864e-10
148,2.3714674395997416e-10,0,2.3714674395997416e-10
149,2.45273878454016e-10,0,2.45273878454016e-10
150,2.540775859125503e-10,0,2.540775859125503e-10
151,2.6350957123646286e-10,0,2.6350957123646286e-10
152,2.7352944819615785e-10,0,2.7352944819615785e-10
153,2.842466121997986e-10,0,2.842466121997986e-10
154,2.958075500017884e-10,0,2.958075500017884e-10
155,3.0852491222317336e-10,0,3.0852491222317336e-10
156,3.22684847216402e-10,0,3.22684847216402e-10
157,3.371435574877461e-10,0,3.371435574877461e-10
158,3.5200346296702673e-10,0,3.5200346296702673e-10
159,3.675142969681074e-10,0,3.675142969681074e-10
160,3.839150976923656e-10,0,3.839150976923656e-10
161,4.018332481414762e-10,0,4.018332481414762e-10
162,4.2136142093217134e-10,0,4.2136142093217134e-10
163,4.419987367675805e-10,0,4.419987367675805e-10
164,4.659913726843824e-10,0,4.659913726843824e-10
165,4.969862525549025e-10,0,4.969862525549025e-10
166,5.362169687964769e-10,0,5.362169687964769e-10
167,5.832155385199647e-10,0,5.832155385199647e-10
168,6.404175747183245e-10,0,6.404175747183245e-10
169,7.183871049414497e-10,0,7.183871049414497e-10
170,8.259777444649699e-10,0,8.259777444649699e-10
171,9.609047069021686e-10,0,9.609047069021686e-10
172,1.129591186436978e-09,0,1.129591186436978e-09
173,1.3472817514587575e-09,0,1.3472817514587575e-09
174,1.6478367222647374e-09,0,1.6478367222647374e-09
175,2.1197674704393397e-09,0,2.1197674704393397e-09
176,3.012014376234355e-09,0,3.012014376234355e-09
177,4.182823099023388e-09,0,4.182823099023388e-09
178,5.876674824582058e-09,0,5.876674824582058e-09
179,8.431562986562737e-09,0,8.431562986562737e-09
180,1.3049615779695117e-08,0,1.3049615779695117e-08
181,1.9405006800990747e-08,0,1.9405006800990747e-08
182,2.6569311616249227e-08,0,2.6569311616249227e-08
183,3.486275760169607e-08,0,3.486275760169607e-08
184,4.5745001587597516e-08,0,4.5745001587597516e-08
185,6.002402037628519e-08,0,6.002402037628519e-08
