Temperature: -10 C
Humidity: 10 %
Date: 1970-01-01 00:00:00.000000
voltage,pad,gr,totalCurrent
26,1.2400687916060574e-11,0,1.2400687916060574e-11
27,1.2355431297756197e-11,0,1.2355431297756197e-11
28,1.235654373902764e-11,0,1.235654373902764e-11
29,1.2413056896656821e-11,0,1.2413056896656821e-11
30,1.2546956685934554e-11,0,1.2546956685934554e-11
31,1.2696679221962325e-11,0,1.2696679221962325e-11
32,1.2811928821453841e-11,0,1.2811928821453841e-11
33,1.2968002255980707e-11,0,1.2968002255980707e-11
34,1.3157721183728064e-11,0,1.3157721183728064e-11
35,1.3378065506668636e-11,0,1.3378065506668636e-11
36,1.3607058971241047e-11,0,1.3607058971241047e-11
37,1.378246979125478e-11,0,1.378246979125478e-11
38,1.3969924328218877e-11,0,1.3969924328218877e-11
39,1.4162074072718253e-11,0,1.4162074072718253e-11
40,1.4336578044564017e-11,0,1.4336578044564017e-11
41,1.4502177617561948e-11,0,1.4502177617561948e-11
42,1.4661767646281295e-11,0,1.4661767646281295e-11
43,1.48322307836732e-11,0,1.48322307836732e-11
44,1.5020862477928007e-11,0,1.5020862477928007e-11
45,1.5214565689579667e-11,0,1.5214565689579667e-11
46,1.5412018981403846e-11,0,1.5412018981403846e-11
47,1.5621602614448688e-11,0,1.5621602614448688e-11
48,1.58445404037021e-11,0,1.58445404037021e-11
49,1.6074436219961834e-11,0,1.6074436219961834e-11
50,1.6305769867678018e-11,0,1.6305769867678018e-11
51,1.652859618963945e-11,0,1.652859618963945e-11
52,1.6749023298670425e-11,0,1.6749023298670425e-11
53,1.6970489386085082e-11,0,1.6970489386085082e-11
54,1.718242803729272e-11,0,1.718242803729272e-11
55,1.73820064571573e-11,0,1.73820064571573e-11
56,1.7574831370735876e-11,0,1.7574831370735876e-11
57,1.777404915731796e-11,0,1.777404915731796e-11
58,1.7985672517001127e-11,0,1.7985672517001127e-11
59,1.821332880611673e-11,0,1.821332880611673e-11
60,1.8457885423717673e-11,0,1.8457885423717673e-11
61,1.872339689779735e-11,0,1.872339689779735e-11
62,1.901016897467741e-11,0,1.901016897467741e-11
63,1.929984993516264e-11,0,1.929984993516264e-11
64,1.957248656932207e-11,0,1.957248656932207e-11
65,1.9823275073625252e-11,0,1.9823275073625252e-11
66,2.0052294659857643e-11,0,2.0052294659857643e-11
67,2.02786603332747e-11,0,2.02786603332747e-11
68,2.0499882210263092e-11,0,2.0499882210263092e-11
69,2.0723244377358867e-11,0,2.0723244377358867e-11
70,2.0963121695035973e-11,0,2.0963121695035973e-11
71,2.121961030426219e-11,0,2.121961030426219e-11
72,2.1490182551013114e-11,0,2.1490182551013114e-11
73,2.1760429607304325e-11,0,2.1760429607304325e-11
74,2.2012022611241664e-11,0,2.2012022611241664e-11
75,2.226168440018497e-11,0,2.226168440018497e-11
76,2.2507059742909397e-11,0,2.2507059742909397e-11
77,2.2766435347289308e-11,0,2.2766435347289308e-11
78,2.303815726918523e-11,0,2.303815726918523e-11
79,2.332566806839671e-11,0,2.332566806839671e-11
80,2.3648267212652773e-11,0,2.3648267212652773e-11
81,2.4029880429656114e-11,0,2.4029880429656114e-11
82,2.446096074879365e-11,0,2.446096074879365e-11
83,2.4935559350309915e-11,0,2.4935559350309915e-11
84,2.5443212055850228e-11,0,2.5443212055850228e-11
85,2.6003477627648607e-11,0,2.6003477627648607e-11
86,2.6620236310609588e-11,0,2.6620236310609588e-11
87,2.725150378621357e-11,0,2.725150378621357e-11
88,2.78648632009515e-11,0,2.78648632009515e-11
89,2.846032435217218e-11,0,2.846032435217218e-11
90,2.905045142541794e-11,0,2.905045142541794e-11
91,2.962164109583957e-11,0,2.962164109583957e-11
92,3.0153033939609735e-11,0,3.0153033939609735e-11
93,3.0663778659432395e-11,0,3.0663778659432395e-11
94,3.119392711619622e-11,0,3.119392711619622e-11
95,3.1756384721700604e-11,0,3.1756384721700604e-11
96,3.233097182846968e-11,0,3.233097182846968e-11
97,3.291320872930356e-11,0,3.291320872930356e-11
98,3.351939807985259e-11,0,3.351939807985259e-11
99,3.4151897684584604e-11,0,3.4151897684584604e-11
100,3.4777540598403545e-11,0,3.4777540598403545e-11
101,3.536708312504396e-11,0,3.536708312504396e-11
102,3.591831636663298e-11,0,3.591831636663298e-11
103,3.650698961982142e-11,0,3.650698961982142e-11
104,3.7165573487777915e-11,0,3.7165573487777915e-11
105,3.791555064113119e-11,0,3.791555064113119e-11
106,3.875692766039686e-11,0,3.875692766039686e-11
107,3.9680097537222656e-11,0,3.9680097537222656e-11
108,4.0688645102481096e-11,0,4.0688645102481096e-11
109,4.1802887714147506e-11,0,4.1802887714147506e-11
110,4.297603994502092e-11,0,4.297603994502092e-11
111,4.413111223011367e-11,0,4.413111223011367e-11
112,4.526094025404037e-11,0,4.526094025404037e-11
113,4.6383521323180605e-11,0,4.6383521323180605e-11
114,4.7540103977111215e-11,0,4.7540103977111215e-11
115,4.881484366482328e-11,0,4.881484366482328e-11
116,5.016858173814292e-11,0,5.016858173814292e-11
117,5.15458242996198e-11,0,5.15458242996198e-11
118,5.3003340983605436e-11,0,5.3003340983605436e-11
119,5.454433472471956e-11,0,5.454433472471956e-11
120,5.6187597770606083e-11,0,5.6187597770606083e-11
121,5.791571228896003e-11,0,5.791571228896003e-11
122,5.969304440956e-11,0,5.969304440956e-11
123,6.164649782776895e-11,0,6.164649782776895e-11
124,6.383298120788981e-11,0,6.383298120788981e-11
125,6.633722749124894e-11,0,6.633722749124894e-11
126,6.915046623493634e-11,0,6.915046623493634e-11
127,7.218121476753265e-11,0,7.218121476753265e-11
128,7.550777557388336e-11,0,7.550777557388336e-11
129,7.916389341215924e-11,0,7.916389341215924e-11
130,8.304352991972276e-11,0,8.304352991972276e-11
131,8.72817993429486e-11,0,8.72817993429486e-11
132,9.18853651445528e-11,0,9.18853651445528e-11
133,9.713830436041755e-11,0,9.713830436041755e-11
134,1.0330538556439251e-10,0,1.0330538556439251e-10
135,1.1036671001752622e-10,0,1.1036671001752622e-10
136,1.1851918131621797e-10,0,1.1851918131621797e-10
137,1.2798909434747688e-10,0,1.2798909434747688e-10
138,1.3891032505786735e-10,0,1.3891032505786735e-10
139,1.51341275487082e-10,0,1.51341275487082e-10
140,1.6557439885736833e-10,0,1.6557439885736833e-10
141,1.8343898155884908e-10,0,1.8343898155884908e-10
142,2.0641041066581027e-10,0,2.0641041066581027e-10
143,2.358572295120121e-10,0,2.358572295120121e-10
144,2.757990499422479e-10,0,2.757990499422479e-10
145,3.2730717116863895e-10,0,3.2730717116863895e-10
146,3.9819757413164625e-10,0,3.9819757413164625e-10
147,4.975802963664335e-10,0,4.975802963664335e-10
148,6.402783658171088e-10,0,6.402783658171088e-10
149,8.431859231867708e-10,0,8.431859231867708e-10
150,1.1743060636345442e-09,0,1.1743060636345442e-09
151,1.6559112472782243e-09,0,1.6559112472782243e-09
152,2.4240602995069914e-09,0,2.4240602995069914e-09
153,3.5031164522920988e-09,0,3.5031164522920988e-09
154,5.396591689573051e-09,0,5.396591689573051e-09
155,8.237986490867224e-09,0,8.237986490867224e-09
156,1.2575422660720133e-08,0,1.2575422660720133e-08
157,1.919661180600917e-08,0,1.919661180600917e-08
