Temperature: 20 C
Humidity: 6 %
Date: 1970-01-01 00:00:00.000000
voltage,pad,gr,totalCurrent
0,2.2015648151670377e-11,0,2.2015648151670377e-11
1,2.3814661130907157e-11,0,2.3814661130907157e-11
2,2.576062423810734e-11,0,2.576062423810734e-11
3,2.7865658668087567e-11,0,2.7865658668087567e-11
4,2.978392004173644e-11,0,2.978392004173644e-11
5,3.181927757849256e-11,0,3.181927757849256e-11
6,3.3942854877470674e-11,0,3.3942854877470674e-11
7,3.603025434276902e-11,0,3.603025434276902e-11
8,3.750976673726171e-11,0,3.750976673726171e-11
9,3.8791155766807973e-11,0,3.8791155766807973e-11
10,4.133588932800238e-11,0,4.133588932800238e-11
11,4.371022462637618e-11,0,4.371022462637618e-11
12,4.6782356303201304e-11,0,4.6782356303201304e-11
13,5.230877191205759e-11,0,5.230877191205759e-11
14,6.015412358795762e-11,0,6.015412358795762e-11
15,6.973740857345093e-11,0,6.973740857345093e-11
16,8.323760144441193e-11,0,8.323760144441193e-11
17,9.982141207441856e-11,0,9.982141207441856e-11
18,1.279559343504332e-10,0,1.279559343504332e-10
19,1.6794691968208244e-10,0,1.6794691968208244e-10
20,2.141960711218606e-10,0,2.141960711218606e-10
21,2.681101498025832e-10,0,2.681101498025832e-10
22,3.3296089221652024e-10,0,3.3296089221652024e-10
23,3.9694477280451495e-10,0,3.9694477280451495e-10
24,4.570398526597678e-10,0,4.570398526597678e-10
25,4.928986248486302e-10,0,4.928986248486302e-10
26,5.128411578264581e-10,0,5.128411578264581e-10
27,5.247444028915841e-10,0,5.247444028915841e-10
28,5.306226750982664e-10,0,5.306226750982664e-10
29,5.383642842488206e-10,0,5.383642842488206e-10
30,5.490665379909054e-10,0,5.490665379909054e-10
31,5.618587043152054e-10,0,5.618587043152054e-10
32,5.762520558414874e-10,0,5.762520558414874e-10
33,5.92018192300326e-10,0,5.92018192300326e-10
34,6.071454858738236e-10,0,6.071454858738236e-10
35,6.257282534454289e-10,0,6.257282534454289e-10
36,6.455215930467599e-10,0,6.455215930467599e-10
37,6.624871862319822e-10,0,6.624871862319822e-10
38,6.776286272241557e-10,0,6.776286272241557e-10
39,6.90315193250493e-10,0,6.90315193250493e-10
40,6.997194934738457e-10,0,6.997194934738457e-10
41,7.081796332833749e-10,0,7.081796332833749e-10
42,7.158077721713397e-10,0,7.158077721713397e-10
43,7.220864115206135e-10,0,7.220864115206135e-10
44,7.310689834099225e-10,0,7.310689834099225e-10
45,7.40164921554595e-10,0,7.40164921554595e-10
46,7.497114473642792e-10,0,7.497114473642792e-10
47,7.59137681273821e-10,0,7.59137681273821e-10
48,7.695336365506664e-10,0,7.695336365506664e-10
49,7.787079132183351e-10,0,7.787079132183351e-10
50,7.867967898985831e-10,0,7.867967898985831e-10
51,7.958936952185217e-10,0,7.958936952185217e-10
52,8.087139831590712e-10,0,8.087139831590712e-10
53,8.29755387425413e-10,0,8.29755387425413e-10
54,8.556229950539867e-10,0,8.556229950539867e-10
55,8.845648138275108e-10,0,8.845648138275108e-10
56,9.15407800262207e-10,0,9.15407800262207e-10
57,9.475529935536248e-10,0,9.475529935536248e-10
58,9.798647055999381e-10,0,9.798647055999381e-10
59,1.0129912583910415e-09,0,1.0129912583910415e-09
60,1.0400165555395339e-09,0,1.0400165555395339e-09
61,1.0624699183980202e-09,0,1.0624699183980202e-09
62,1.082974866443003e-09,0,1.082974866443003e-09
63,1.101843667053269e-09,0,1.101843667053269e-09
64,1.118398000967096e-09,0,1.118398000967096e-09
65,1.1321763277141502e-09,0,1.1321763277141502e-09
66,1.1442157442734554e-09,0,1.1442157442734554e-09
67,1.155664781934667e-09,0,1.155664781934667e-09
68,1.1716118620503879e-09,0,1.1716118620503879e-09
69,1.1968721248534036e-09,0,1.1968721248534036e-09
70,1.2273765280499017e-09,0,1.2273765280499017e-09
71,1.2590149846116966e-09,0,1.2590149846116966e-09
72,1.2905873134829232e-09,0,1.2905873134829232e-09
73,1.3237650573476654e-09,0,1.3237650573476654e-09
74,1.3569939022113454e-09,0,1.3569939022113454e-09
75,1.3879628863642849e-09,0,1.3879628863642849e-09
76,1.4068435748339495e-09,0,1.4068435748339495e-09
77,1.4165993054684158e-09,0,1.4165993054684158e-09
78,1.4236564154095287e-09,0,1.4236564154095287e-09
79,1.4300890551398622e-09,0,1.4300890551398622e-09
80,1.4320342571198642e-09,0,1.4320342571198642e-09
81,1.432801751779935e-09,0,1.432801751779935e-09
82,1.4360114341066594e-09,0,1.4360114341066594e-09
83,1.4459535526676184e-09,0,1.4459535526676184e-09
84,1.4601812802844181e-09,0,1.4601812802844181e-09
85,1.4761818526798929e-09,0,1.4761818526798929e-09
86,1.4957238458910877e-09,0,1.4957238458910877e-09
87,1.5229206270757305e-09,0,1.5229206270757305e-09
88,1.5494478503559013e-09,0,1.5494478503559013e-09
89,1.5691291258990842e-09,0,1.5691291258990842e-09
90,1.5782382666814906e-09,0,1.5782382666814906e-09
91,1.5845131900570092e-09,0,1.5845131900570092e-09
92,1.591973257825097e-09,0,1.591973257825097e-09
93,1.5988012508649696e-09,0,1.5988012508649696e-09
94,1.5981834635282625e-09,0,1.5981834635282625e-09
95,1.6014400622290827e-09,0,1.6014400622290827e-09
96,1.6102452011633516e-09,0,1.6102452011633516e-09
97,1.6231249140265368e-09,0,1.6231249140265368e-09
98,1.636107646605799e-09,0,1.636107646605799e-09
99,1.6474459693641954e-09,0,1.6474459693641954e-09
100,1.655042413347328e-09,0,1.655042413347328e-09
101,1.663119377831225e-09,0,1.663119377831225e-09
102,1.671140345131881e-09,0,1.671140345131881e-09
103,1.6756049647524277e-09,0,1.6756049647524277e-09
104,1.6794138781260174e-09,0,1.6794138781260174e-09
105,1.6832314497582017e-09,0,1.6832314497582017e-09
106,1.687305928299189e-09,0,1.687305928299189e-09
107,1.7025283812162586e-09,0,1.7025283812162586e-09
108,1.7256957350365644e-09,0,1.7256957350365644e-09
109,1.7594795208565039e-09,0,1.7594795208565039e-09
110,1.8038040027373464e-09,0,1.8038040027373464e-09
111,1.866412084976247e-09,0,1.866412084976247e-09
112,1.9490353560230498e-09,0,1.9490353560230498e-09
113,2.0630754629050222e-09,0,2.0630754629050222e-09
114,2.1886465335340584e-09,0,2.1886465335340584e-09
115,2.319180286666854e-09,0,2.319180286666854e-09
116,2.449805165431038e-09,0,2.449805165431038e-09
117,2.5837047843088904e-09,0,2.5837047843088904e-09
118,2.7125469627511285e-09,0,2.7125469627511285e-09
119,2.830612727029272e-09,0,2.830612727029272e-09
120,2.913836245935502e-09,0,2.913836245935502e-09
121,2.9919021101745277e-09,0,2.9919021101745277e-09
122,3.0751371811850442e-09,0,3.0751371811850442e-09
123,3.157177865549787e-09,0,3.157177865549787e-09
124,3.243507737966695e-09,0,3.243507737966695e-09
125,3.335441323733667e-09,0,3.335441323733667e-09
126,3.433492349081535e-09,0,3.433492349081535e-09
127,3.561812290245984e-09,0,3.561812290245984e-09
128,3.6848158332770054e-09,0,3.6848158332770054e-09
129,3.828988891962947e-09,0,3.828988891962947e-09
130,3.9630723205934426e-09,0,3.9630723205934426e-09
131,4.12177848658363e-09,0,4.12177848658363e-09
132,4.274976794210658e-09,0,4.274976794210658e-09
133,4.438116283781738e-09,0,4.438116283781738e-09
134,4.5787261242673405e-09,0,4.5787261242673405e-09
135,4.742082702319244e-09,0,4.742082702319244e-09
136,4.893719711978927e-09,0,4.893719711978927e-09
137,5.058340990112696e-09,0,5.058340990112696e-09
138,5.215679608287666e-09,0,5.215679608287666e-09
139,5.403564262610095e-09,0,5.403564262610095e-09
140,5.599790846847752e-09,0,5.599790846847752e-09
141,5.813053190854458e-09,0,5.813053190854458e-09
142,6.045366221295729e-09,0,6.045366221295729e-09
143,6.29678689702746e-09,0,6.29678689702746e-09
144,6.612314596772431e-09,0,6.612314596772431e-09
145,6.983809252910779e-09,0,6.983809252910779e-09
146,7.430669520703424e-09,0,7.430669520703424e-09
147,7.970812794616794e-09,0,7.970812794616794e-09
148,8.678737152073875e-09,0,8.678737152073875e-09
149,9.684119558236295e-09,0,9.684119558236295e-09
150,1.0945199223392718e-08,0,1.0945199223392718e-08
151,1.2436043046222816e-08,0,1.2436043046222816e-08
152,1.424977860608728e-08,0,1.424977860608728e-08
153,1.694944728006e-08,0,1.694944728006e-08
154,2.126296597095896e-08,0,2.126296597095896e-08
155,2.6194638768903873e-08,0,2.6194638768903873e-08
156,3.100496434589641e-08,0,3.100496434589641e-08
157,3.5177048960368483e-08,0,3.5177048960368483e-08
158,3.931361499192642e-08,0,3.931361499192642e-08
159,4.281910379341178e-08,0,4.281910379341178e-08
160,4.421953253967044e-08,0,4.421953253967044e-08
161,4.2715798727644135e-08,0,4.2715798727644135e-08
162,4.344157852270188e-08,0,4.344157852270188e-08
163,4.6615768503635875e-08,0,4.6615768503635875e-08
164,5.336632114036331e-08,0,5.336632114036331e-08
165,6.281367719148576e-08,0,6.281367719148576e-08
166,7.393348385283352e-08,0,7.393348385283352e-08
167,8.702181243033673e-08,0,8.702181243033673e-08
