Temperature: 20 C
Humidity: 14 %
Date: 1970-01-01 00:00:00.000000
voltage,pad,gr,totalCurrent
26,7.584078850749845e-11,0,7.584078850749845e-11
27,7.745416237775008e-11,0,7.745416237775008e-11
28,7.862630993645915e-11,0,7.862630993645915e-11
29,7.994687889506355e-11,0,7.994687889506355e-11
30,8.129337617849698e-11,0,8.129337617849698e-11
31,8.242093928280036e-11,0,8.242093928280036e-11
32,8.333471572086698e-11,0,8.333471572086698e-11
33,8.416043197295161e-11,0,8.416043197295161e-11
34,8.491709575117281e-11,0,8.491709575117281e-11
35,8.56766114865875e-11,0,8.56766114865875e-11
36,8.640192878152561e-11,0,8.640192878152561e-11
37,8.71207590678832e-11,0,8.71207590678832e-11
38,8.795250221135223e-11,0,8.795250221135223e-11
39,8.883509202695201e-11,0,8.883509202695201e-11
40,8.977955575123253e-11,0,8.977955575123253e-11
41,9.07820912929857e-11,0,9.07820912929857e-11
42,9.178554198613989e-11,0,9.178554198613989e-11
43,9.272960269907898e-11,0,9.272960269907898e-11
44,9.36035878606321e-11,0,9.36035878606321e-11
45,9.445075230471717e-11,0,9.445075230471717e-11
46,9.532672399291016e-11,0,9.532672399291016e-11
47,9.621335505520828e-11,0,9.621335505520828e-11
48,9.706516740644401e-11,0,9.706516740644401e-11
49,9.797248550260663e-11,0,9.797248550260663e-11
50,9.897953000376523e-11,0,9.897953000376523e-11
51,1.0003316383357814e-10,0,1.0003316383357814e-10
52,1.010995675920813e-10,0,1.010995675920813e-10
53,1.0218833461289024e-10,0,1.0218833461289024e-10
54,1.0330629296828317e-10,0,1.0330629296828317e-10
55,1.0444244483295448e-10,0,1.0444244483295448e-10
56,1.0551367605938718e-10,0,1.0551367605938718e-10
57,1.065488557206126e-10,0,1.065488557206126e-10
58,1.0757954377356432e-10,0,1.0757954377356432e-10
59,1.0860946915961048e-10,0,1.0860946915961048e-10
60,1.0962373488573215e-10,0,1.0962373488573215e-10
61,1.1064917330477132e-10,0,1.1064917330477132e-10
62,1.117170720661314e-10,0,1.117170720661314e-10
63,1.1281459874151752e-10,0,1.1281459874151752e-10
64,1.1391540298958451e-10,0,1.1391540298958451e-10
65,1.1507191821681105e-10,0,1.1507191821681105e-10
66,1.1626544771657553e-10,0,1.1626544771657553e-10
67,1.1747961146370645e-10,0,1.1747961146370645e-10
68,1.187088008093389e-10,0,1.187088008093389e-10
69,1.1993978878997285e-10,0,1.1993978878997285e-10
70,1.2116810855091154e-10,0,1.2116810855091154e-10
71,1.2239261200465864e-10,0,1.2239261200465864e-10
72,1.2356760812417292e-10,0,1.2356760812417292e-10
73,1.247149897605337e-10,0,1.247149897605337e-10
74,1.2587109052754575e-10,0,1.2587109052754575e-10
75,1.2702981856595947e-10,0,1.2702981856595947e-10
76,1.28219484138776e-10,0,1.28219484138776e-10
77,1.29482829474908e-10,0,1.29482829474908e-10
78,1.308177857280009e-10,0,1.308177857280009e-10
79,1.321949505245368e-10,0,1.321949505245368e-10
80,1.3360890930049711e-10,0,1.3360890930049711e-10
81,1.3508574190855488e-10,0,1.3508574190855488e-10
82,1.3660979336064383e-10,0,1.3660979336064383e-10
83,1.3810857431224478e-10,0,1.3810857431224478e-10
84,1.3955850778078455e-10,0,1.3955850778078455e-10
85,1.410041551337633e-10,0,1.410041551337633e-10
86,1.42490432790261e-10,0,1.42490432790261e-10
87,1.439860530374415e-10,0,1.439860530374415e-10
88,1.4546798070637048e-10,0,1.4546798070637048e-10
89,1.469942085708612e-10,0,1.469942085708612e-10
90,1.4862911158007704e-10,0,1.4862911158007704e-10
91,1.5032939678110572e-10,0,1.5032939678110572e-10
92,1.5205848200864833e-10,0,1.5205848200864833e-10
93,1.537956343983152e-10,0,1.537956343983152e-10
94,1.555642466039279e-10,0,1.555642466039279e-10
95,1.5735008763835013e-10,0,1.5735008763835013e-10
96,1.591508378997977e-10,0,1.591508378997977e-10
97,1.608909161483122e-10,0,1.608909161483122e-10
98,1.6262966239249067e-10,0,1.6262966239249067e-10
99,1.6438395045432404e-10,0,1.6438395045432404e-10
100,1.66166648860303e-10,0,1.66166648860303e-10
101,1.679804835963802e-10,0,1.679804835963802e-10
102,1.698603633076086e-10,0,1.698603633076086e-10
103,1.717903256724412e-10,0,1.717903256724412e-10
104,1.7386511033562127e-10,0,1.7386511033562127e-10
105,1.7599973287753693e-10,0,1.7599973287753693e-10
106,1.7816917034257544e-10,0,1.7816917034257544e-10
107,1.8042833477251778e-10,0,1.8042833477251778e-10
108,1.8276871375179864e-10,0,1.8276871375179864e-10
109,1.8516791108368613e-10,0,1.8516791108368613e-10
110,1.8760107430075056e-10,0,1.8760107430075056e-10
111,1.900390829494221e-10,0,1.900390829494221e-10
112,1.9254132844951813e-10,0,1.9254132844951813e-10
113,1.950876590101882e-10,0,1.950876590101882e-10
114,1.9763164058241992e-10,0,1.9763164058241992e-10
115,2.0025188570432607e-10,0,2.0025188570432607e-10
116,2.029527691701271e-10,0,2.029527691701271e-10
117,2.0571899005075274e-10,0,2.0571899005075274e-10
118,2.0857786927962685e-10,0,2.0857786927962685e-10
119,2.115252443956734e-10,0,2.115252443956734e-10
120,2.146150978605554e-10,0,2.146150978605554e-10
121,2.1781656085487308e-10,0,2.1781656085487308e-10
122,2.2106383905301973e-10,0,2.2106383905301973e-10
123,2.243797292754668e-10,0,2.243797292754668e-10
124,2.2779037116481342e-10,0,2.2779037116481342e-10
125,2.3135240843097612e-10,0,2.3135240843097612e-10
126,2.350723317296186e-10,0,2.350723317296186e-10
127,2.3886098445420124e-10,0,2.3886098445420124e-10
128,2.427682666072326e-10,0,2.427682666072326e-10
129,2.467275442518242e-10,0,2.467275442518242e-10
130,2.50698538447275e-10,0,2.50698538447275e-10
131,2.547865904241867e-10,0,2.547865904241867e-10
132,2.5893959897728476e-10,0,2.5893959897728476e-10
133,2.631695475702099e-10,0,2.631695475702099e-10
134,2.6756082321797023e-10,0,2.6756082321797023e-10
135,2.7212753733301075e-10,0,2.7212753733301075e-10
136,2.7694363969877924e-10,0,2.7694363969877924e-10
137,2.8207716332771704e-10,0,2.8207716332771704e-10
138,2.874105921559991e-10,0,2.874105921559991e-10
139,2.9280821154148936e-10,0,2.9280821154148936e-10
140,2.982790329809161e-10,0,2.982790329809161e-10
141,3.039468330735526e-10,0,3.039468330735526e-10
142,3.0985022060544055e-10,0,3.0985022060544055e-10
143,3.159931426218557e-10,0,3.159931426218557e-10
144,3.223123446240682e-10,0,3.223123446240682e-10
145,3.2883950508175816e-10,0,3.2883950508175816e-10
146,3.357730218849596e-10,0,3.357730218849596e-10
147,3.4312990083884753e-10,0,3.4312990083884753e-10
148,3.508459152277862e-10,0,3.508459152277862e-10
149,3.5889144981364364e-10,0,3.5889144981364364e-10
150,3.673182408400999e-10,0,3.673182408400999e-10
151,3.7613033747733843e-10,0,3.7613033747733843e-10
152,3.8537041633830794e-10,0,3.8537041633830794e-10
153,3.950751261959708e-10,0,3.950751261959708e-10
154,4.053445382501666e-10,0,4.053445382501666e-10
155,4.1604713178872835e-10,0,4.1604713178872835e-10
156,4.272095805664267e-10,0,4.272095805664267e-10
157,4.389837309658608e-10,0,4.389837309658608e-10
158,4.513667582957144e-10,0,4.513667582957144e-10
159,4.640481376358821e-10,0,4.640481376358821e-10
160,4.770533310484638e-10,0,4.770533310484638e-10
161,4.907515748670709e-10,0,4.907515748670709e-10
162,5.055542625751374e-10,0,5.055542625751374e-10
163,5.214271055450735e-10,0,5.214271055450735e-10
164,5.381456211328887e-10,0,5.381456211328887e-10
165,5.555343559881196e-10,0,5.555343559881196e-10
166,5.741641392596508e-10,0,5.741641392596508e-10
167,5.944986166510607e-10,0,5.944986166510607e-10
168,6.16278195224976e-10,0,6.16278195224976e-10
169,6.395041295848702e-10,0,6.395041295848702e-10
170,6.645372078370262e-10,0,6.645372078370262e-10
171,6.915790721829543e-10,0,6.915790721829543e-10
172,7.213478806096028e-10,0,7.213478806096028e-10
173,7.540918378872597e-10,0,7.540918378872597e-10
174,7.894880175781173e-10,0,7.894880175781173e-10
175,8.275317985249671e-10,0,8.275317985249671e-10
176,8.688290353921138e-10,0,8.688290353921138e-10
177,9.14260718838023e-10,0,9.14260718838023e-10
178,9.644243976761401e-10,0,9.644243976761401e-10
179,1.020309292545879e-09,0,1.020309292545879e-09
180,1.0826514901239356e-09,0,1.0826514901239356e-09
181,1.1532260498639748e-09,0,1.1532260498639748e-09
182,1.2346643820586646e-09,0,1.2346643820586646e-09
183,1.327738897422672e-09,0,1.327738897422672e-09
184,1.4350499810477548e-09,0,1.4350499810477548e-09
185,1.5622734678597392e-09,0,1.5622734678597392e-09
186,1.7164778918693444e-09,0,1.7164778918693444e-09
187,1.899714907667741e-09,0,1.899714907667741e-09
188,2.123825708737581e-09,0,2.123825708737581e-09
189,2.392646801067787e-09,0,2.392646801067787e-09
190,2.7300378650424854e-09,0,2.7300378650424854e-09
191,3.153484792447002e-09,0,3.153484792447002e-09
192,3.7055478406775546e-09,0,3.7055478406775546e-09
193,4.4108538388623624e-09,0,4.4108538388623624e-09
194,5.3794358448232925e-09,0,5.3794358448232925e-09
195,6.699614358744844e-09,0,6.699614358744844e-09
196,8.651755249986996e-09,0,8.651755249986996e-09
197,1.1525589586843213e-08,0,1.1525589586843213e-08
198,1.617101847747064e-08,0,1.617101847747064e-08
199,2.3624184142743755e-08,0,2.3624184142743755e-08
200,3.7706357872225234e-08,0,3.7706357872225234e-08
201,6.123950202650671e-08,0,6.123950202650671e-08
202,9.946016899356813e-08,0,9.946016899356813e-08
203,1.615350368451293e-07,0,1.615350368451293e-07
