Temperature: 20 C
Humidity: 72 %
Date: 1970-01-01 00:00:00.000000
voltage,pad,gr,totalCurrent
26,1.4237345733118042e-09,0,1.4237345733118042e-09
27,2.5769054275039026e-10,0,2.5769054275039026e-10
28,1.0449566686114224e-10,0,1.0449566686114224e-10
29,9.893563488639747e-11,0,9.893563488639747e-11
30,9.40897280843019e-11,0,9.40897280843019e-11
31,8.989792274332808e-11,0,8.989792274332808e-11
32,8.784421944111456e-11,0,8.784421944111456e-11
33,8.87709357194989e-11,0,8.87709357194989e-11
34,8.962374673430538e-11,0,8.962374673430538e-11
35,9.053086002868142e-11,0,9.053086002868142e-11
36,9.144735534456585e-11,0,9.144735534456585e-11
37,9.176579188160473e-11,0,9.176579188160473e-11
38,9.165844988435722e-11,0,9.165844988435722e-11
39,9.160794395993532e-11,0,9.160794395993532e-11
40,9.155746586544516e-11,0,9.155746586544516e-11
41,9.143631142107418e-11,0,9.143631142107418e-11
42,9.118747460574267e-11,0,9.118747460574267e-11
43,9.093951467580523e-11,0,9.093951467580523e-11
44,9.124476124954585e-11,0,9.124476124954585e-11
45,9.21174945455507e-11,0,9.21174945455507e-11
46,9.323003661767009e-11,0,9.323003661767009e-11
47,9.473324600359117e-11,0,9.473324600359117e-11
48,9.684991483628015e-11,0,9.684991483628015e-11
49,1.0063288102489148e-10,0,1.0063288102489148e-10
50,1.0601486951403713e-10,0,1.0601486951403713e-10
51,1.1170603315145147e-10,0,1.1170603315145147e-10
52,1.1743086423151602e-10,0,1.1743086423151602e-10
53,1.25036096796572e-10,0,1.25036096796572e-10
54,1.3502464851024417e-10,0,1.3502464851024417e-10
55,1.4582330681393766e-10,0,1.4582330681393766e-10
56,1.5594080990104526e-10,0,1.5594080990104526e-10
57,1.646556266956237e-10,0,1.646556266956237e-10
58,1.7324389980728761e-10,0,1.7324389980728761e-10
59,1.8189507410640218e-10,0,1.8189507410640218e-10
60,1.8775067403597945e-10,0,1.8775067403597945e-10
61,1.9179989194042414e-10,0,1.9179989194042414e-10
62,1.9682089281339495e-10,0,1.9682089281339495e-10
63,2.0178492850870132e-10,0,2.0178492850870132e-10
64,2.0757812617428151e-10,0,2.0757812617428151e-10
65,2.1341154542265395e-10,0,2.1341154542265395e-10
66,2.1905072787803115e-10,0,2.1905072787803115e-10
67,2.2471996314542374e-10,0,2.2471996314542374e-10
68,2.2915299705592216e-10,0,2.2915299705592216e-10
69,2.3169303939461365e-10,0,2.3169303939461365e-10
70,2.3346524421119275e-10,0,2.3346524421119275e-10
71,2.347483820796416e-10,0,2.347483820796416e-10
72,2.3668736334378417e-10,0,2.3668736334378417e-10
73,2.3945284912301837e-10,0,2.3945284912301837e-10
74,2.4275440643448746e-10,0,2.4275440643448746e-10
75,2.464378551810837e-10,0,2.464378551810837e-10
76,2.5017719496120665e-10,0,2.5017719496120665e-10
77,2.526688193374252e-10,0,2.526688193374252e-10
78,2.5342007708073603e-10,0,2.5342007708073603e-10
79,2.534762887301984e-10,0,2.534762887301984e-10
80,2.534351027364288e-10,0,2.534351027364288e-10
81,2.53376118241526e-10,0,2.53376118241526e-10
82,2.534250855336487e-10,0,2.534250855336487e-10
83,2.5434274239969746e-10,0,2.5434274239969746e-10
84,2.574625992828586e-10,0,2.574625992828586e-10
85,2.634713834368974e-10,0,2.634713834368974e-10
86,2.7116536309862665e-10,0,2.7116536309862665e-10
87,2.7885491494150954e-10,0,2.7885491494150954e-10
88,2.8581575108826284e-10,0,2.8581575108826284e-10
89,2.9102552655494357e-10,0,2.9102552655494357e-10
90,2.946936935091721e-10,0,2.946936935091721e-10
91,2.9738564932192226e-10,0,2.9738564932192226e-10
92,2.9909824562347986e-10,0,2.9909824562347986e-10
93,3.0007649562984733e-10,0,3.0007649562984733e-10
94,3.0120011480006874e-10,0,3.0120011480006874e-10
95,3.0264611039843773e-10,0,3.0264611039843773e-10
96,3.051599871183966e-10,0,3.051599871183966e-10
97,3.095910946606945e-10,0,3.095910946606945e-10
98,3.153685617709193e-10,0,3.153685617709193e-10
99,3.2117555067352726e-10,0,3.2117555067352726e-10
100,3.2677143070207834e-10,0,3.2677143070207834e-10
101,3.316896545068963e-10,0,3.316896545068963e-10
102,3.367691539876143e-10,0,3.367691539876143e-10
103,3.438540089583628e-10,0,3.438540089583628e-10
104,3.4990264050003484e-10,0,3.4990264050003484e-10
105,3.546094688742873e-10,0,3.546094688742873e-10
106,3.5841732972796753e-10,0,3.5841732972796753e-10
107,3.615952948309568e-10,0,3.615952948309568e-10
108,3.6699090713733073e-10,0,3.6699090713733073e-10
109,3.740637253897331e-10,0,3.740637253897331e-10
110,3.8094145004286954e-10,0,3.8094145004286954e-10
111,3.899604690609989e-10,0,3.899604690609989e-10
112,3.991930188042311e-10,0,3.991930188042311e-10
113,4.083956648317163e-10,0,4.083956648317163e-10
114,4.1734464225326296e-10,0,4.1734464225326296e-10
115,4.237619177563545e-10,0,4.237619177563545e-10
116,4.2817975482280474e-10,0,4.2817975482280474e-10
117,4.3041111318590536e-10,0,4.3041111318590536e-10
118,4.3014371974539826e-10,0,4.3014371974539826e-10
119,4.309899318557069e-10,0,4.309899318557069e-10
120,4.343037116553802e-10,0,4.343037116553802e-10
121,4.384201696857806e-10,0,4.384201696857806e-10
122,4.4301514308384156e-10,0,4.4301514308384156e-10
123,4.493858172924407e-10,0,4.493858172924407e-10
124,4.5792389324394637e-10,0,4.5792389324394637e-10
125,4.677670648684712e-10,0,4.677670648684712e-10
126,4.780768549808777e-10,0,4.780768549808777e-10
127,4.882095406584805e-10,0,4.882095406584805e-10
128,5.001370755091889e-10,0,5.001370755091889e-10
129,5.138466736514171e-10,0,5.138466736514171e-10
130,5.276411721537006e-10,0,5.276411721537006e-10
131,5.422201865315134e-10,0,5.422201865315134e-10
132,5.577198371930271e-10,0,5.577198371930271e-10
133,5.718740327936653e-10,0,5.718740327936653e-10
134,5.838972650512139e-10,0,5.838972650512139e-10
135,5.953503921713609e-10,0,5.953503921713609e-10
136,6.086940164446684e-10,0,6.086940164446684e-10
137,6.229123165095468e-10,0,6.229123165095468e-10
138,6.372527999184244e-10,0,6.372527999184244e-10
139,6.53744055711773e-10,0,6.53744055711773e-10
140,6.751022337753655e-10,0,6.751022337753655e-10
141,6.976727678223072e-10,0,6.976727678223072e-10
142,7.20042247506027e-10,0,7.20042247506027e-10
143,7.436154098818993e-10,0,7.436154098818993e-10
144,7.707394300613329e-10,0,7.707394300613329e-10
145,8.206389865437642e-10,0,8.206389865437642e-10
146,8.972180985287817e-10,0,8.972180985287817e-10
147,9.842143116490414e-10,0,9.842143116490414e-10
148,1.0788471982464852e-09,0,1.0788471982464852e-09
149,1.1596406355827864e-09,0,1.1596406355827864e-09
150,1.2374302081344679e-09,0,1.2374302081344679e-09
151,1.35579653310063e-09,0,1.35579653310063e-09
152,1.7061811773092213e-09,0,1.7061811773092213e-09
153,2.0781620282181793e-09,0,2.0781620282181793e-09
154,2.1206613865888873e-09,0,2.1206613865888873e-09
155,2.161574471538252e-09,0,2.161574471538252e-09
156,2.242427951674893e-09,0,2.242427951674893e-09
157,2.2132078479586276e-09,0,2.2132078479586276e-09
158,2.1843732954056844e-09,0,2.1843732954056844e-09
159,2.1559096766753163e-09,0,2.1559096766753163e-09
