Temperature: 20 C
Humidity: 54 %
Date: 1970-01-01 00:00:00.000000
voltage,pad,gr,totalCurrent
26,7.178462200147956e-10,0,7.178462200147956e-10
27,2.3855433800545006e-10,0,2.3855433800545006e-10
28,1.3680642403814282e-10,0,1.3680642403814282e-10
29,1.2800511539014644e-10,0,1.2800511539014644e-10
30,1.175387026841194e-10,0,1.175387026841194e-10
31,1.0373638973070701e-10,0,1.0373638973070701e-10
32,9.48643932526987e-11,0,9.48643932526987e-11
33,9.104541493556228e-11,0,9.104541493556228e-11
34,8.881071107033343e-11,0,8.881071107033343e-11
35,8.654833559362379e-11,0,8.654833559362379e-11
36,8.44264223313685e-11,0,8.44264223313685e-11
37,8.402009407156733e-11,0,8.402009407156733e-11
38,8.708824245597156e-11,0,8.708824245597156e-11
39,9.04752136450723e-11,0,9.04752136450723e-11
40,9.274385764563824e-11,0,9.274385764563824e-11
41,9.365951297505593e-11,0,9.365951297505593e-11
42,9.470329495558079e-11,0,9.470329495558079e-11
43,9.597912375365138e-11,0,9.597912375365138e-11
44,9.751637932880127e-11,0,9.751637932880127e-11
45,9.987666562536739e-11,0,9.987666562536739e-11
46,1.0297064480446911e-10,0,1.0297064480446911e-10
47,1.0629646496808323e-10,0,1.0629646496808323e-10
48,1.1000763901123631e-10,0,1.1000763901123631e-10
49,1.1472121698336311e-10,0,1.1472121698336311e-10
50,1.2029112149694263e-10,0,1.2029112149694263e-10
51,1.2610569810941633e-10,0,1.2610569810941633e-10
52,1.3146919542903614e-10,0,1.3146919542903614e-10
53,1.3711409449467503e-10,0,1.3711409449467503e-10
54,1.4364908249589324e-10,0,1.4364908249589324e-10
55,1.503617511175121e-10,0,1.503617511175121e-10
56,1.564594290274852e-10,0,1.564594290274852e-10
57,1.6188783329462186e-10,0,1.6188783329462186e-10
58,1.6737588793815406e-10,0,1.6737588793815406e-10
59,1.7271287543972637e-10,0,1.7271287543972637e-10
60,1.7687301974661598e-10,0,1.7687301974661598e-10
61,1.8082974060392965e-10,0,1.8082974060392965e-10
62,1.8556926607090022e-10,0,1.8556926607090022e-10
63,1.9011421358106183e-10,0,1.9011421358106183e-10
64,1.945003568786071e-10,0,1.945003568786071e-10
65,1.9887629962105217e-10,0,1.9887629962105217e-10
66,2.0343644794859017e-10,0,2.0343644794859017e-10
67,2.081806869687269e-10,0,2.081806869687269e-10
68,2.1200188462637814e-10,0,2.1200188462637814e-10
69,2.1484614776715676e-10,0,2.1484614776715676e-10
70,2.178395207974624e-10,0,2.178395207974624e-10
71,2.2097599229197882e-10,0,2.2097599229197882e-10
72,2.2421768323522322e-10,0,2.2421768323522322e-10
73,2.2754040412612454e-10,0,2.2754040412612454e-10
74,2.3090780146362716e-10,0,2.3090780146362716e-10
75,2.3436826018375754e-10,0,2.3436826018375754e-10
76,2.375809293531443e-10,0,2.375809293531443e-10
77,2.403420776287749e-10,0,2.403420776287749e-10
78,2.4254926184966045e-10,0,2.4254926184966045e-10
79,2.4418295195262047e-10,0,2.4418295195262047e-10
80,2.4558323029124255e-10,0,2.4558323029124255e-10
81,2.4722595478274164e-10,0,2.4722595478274164e-10
82,2.491410407704126e-10,0,2.491410407704126e-10
83,2.515179369378666e-10,0,2.515179369378666e-10
84,2.5445782259164984e-10,0,2.5445782259164984e-10
85,2.5805125215751714e-10,0,2.5805125215751714e-10
86,2.6223674311506414e-10,0,2.6223674311506414e-10
87,2.668104123564943e-10,0,2.668104123564943e-10
88,2.706537538038438e-10,0,2.706537538038438e-10
89,2.735528744620656e-10,0,2.735528744620656e-10
90,2.758347845226183e-10,0,2.758347845226183e-10
91,2.7773230837080325e-10,0,2.7773230837080325e-10
92,2.799353369336937e-10,0,2.799353369336937e-10
93,2.830078219688171e-10,0,2.830078219688171e-10
94,2.867423727856605e-10,0,2.867423727856605e-10
95,2.9063467981884106e-10,0,2.9063467981884106e-10
96,2.94768122014088e-10,0,2.94768122014088e-10
97,2.9969323584649224e-10,0,2.9969323584649224e-10
98,3.053275595558173e-10,0,3.053275595558173e-10
99,3.104386486729677e-10,0,3.104386486729677e-10
100,3.1434529149122675e-10,0,3.1434529149122675e-10
101,3.1700506981887033e-10,0,3.1700506981887033e-10
102,3.200153586654008e-10,0,3.200153586654008e-10
103,3.2456238019311216e-10,0,3.2456238019311216e-10
104,3.283697512126033e-10,0,3.283697512126033e-10
105,3.3073396536178723e-10,0,3.3073396536178723e-10
106,3.3173263069053253e-10,0,3.3173263069053253e-10
107,3.324071382944152e-10,0,3.324071382944152e-10
108,3.3389075410272925e-10,0,3.3389075410272925e-10
109,3.349121891324526e-10,0,3.349121891324526e-10
110,3.3430233059621986e-10,0,3.3430233059621986e-10
111,3.3405869824127984e-10,0,3.3405869824127984e-10
112,3.353662626096822e-10,0,3.353662626096822e-10
113,3.3805243601735055e-10,0,3.3805243601735055e-10
114,3.4116368686827433e-10,0,3.4116368686827433e-10
115,3.439242380680338e-10,0,3.439242380680338e-10
116,3.473091069272207e-10,0,3.473091069272207e-10
117,3.509861611928332e-10,0,3.509861611928332e-10
118,3.5478082265565226e-10,0,3.5478082265565226e-10
119,3.588181644088971e-10,0,3.588181644088971e-10
120,3.63595417106858e-10,0,3.63595417106858e-10
121,3.6860864251704755e-10,0,3.6860864251704755e-10
122,3.736548854932038e-10,0,3.736548854932038e-10
123,3.7943952720295267e-10,0,3.7943952720295267e-10
124,3.8626338751669536e-10,0,3.8626338751669536e-10
125,3.9376815699299897e-10,0,3.9376815699299897e-10
126,4.014469461776905e-10,0,4.014469461776905e-10
127,4.0941840156250693e-10,0,4.0941840156250693e-10
128,4.1827588036126216e-10,0,4.1827588036126216e-10
129,4.288130087907201e-10,0,4.288130087907201e-10
130,4.4020775014853277e-10,0,4.4020775014853277e-10
131,4.525457978996582e-10,0,4.525457978996582e-10
132,4.662093818864766e-10,0,4.662093818864766e-10
133,4.796826158305072e-10,0,4.796826158305072e-10
134,4.928856366504721e-10,0,4.928856366504721e-10
135,5.063997966850802e-10,0,5.063997966850802e-10
136,5.195024690361687e-10,0,5.195024690361687e-10
137,5.320776744012381e-10,0,5.320776744012381e-10
138,5.442206214254013e-10,0,5.442206214254013e-10
139,5.564451523647431e-10,0,5.564451523647431e-10
140,5.686082992914688e-10,0,5.686082992914688e-10
141,5.79868484729863e-10,0,5.79868484729863e-10
142,5.894109055649122e-10,0,5.894109055649122e-10
143,5.978211474570261e-10,0,5.978211474570261e-10
144,6.073548407418585e-10,0,6.073548407418585e-10
145,6.270707612970801e-10,0,6.270707612970801e-10
146,6.566142947424236e-10,0,6.566142947424236e-10
147,6.888629993511692e-10,0,6.888629993511692e-10
148,7.22695554566381e-10,0,7.22695554566381e-10
149,7.441087144216752e-10,0,7.441087144216752e-10
150,7.649795510970328e-10,0,7.649795510970328e-10
151,7.943188156773608e-10,0,7.943188156773608e-10
152,8.44392154419615e-10,0,8.44392154419615e-10
153,8.811004925709144e-10,0,8.811004925709144e-10
154,8.638561342168214e-10,0,8.638561342168214e-10
155,8.45622393941194e-10,0,8.45622393941194e-10
156,8.417817553222199e-10,0,8.417817553222199e-10
157,8.195062767118478e-10,0,8.195062767118478e-10
158,7.978185064822145e-10,0,7.978185064822145e-10
159,7.767063964088609e-10,0,7.767063964088609e-10
