Temperature: 20 C
Humidity: 48 %
Date: 1970-01-01 00:00:00.000000
voltage,pad,gr,totalCurrent
26,3.1792108793584556e-10,0,3.1792108793584556e-10
27,2.630932760505527e-10,0,2.630932760505527e-10
28,2.440467937779369e-10,0,2.440467937779369e-10
29,2.398754537873064e-10,0,2.398754537873064e-10
30,2.331650127281964e-10,0,2.331650127281964e-10
31,2.2370031490580863e-10,0,2.2370031490580863e-10
32,2.1566341305277129e-10,0,2.1566341305277129e-10
33,2.099818229239648e-10,0,2.099818229239648e-10
34,2.0522402583597445e-10,0,2.0522402583597445e-10
35,2.0074455575951173e-10,0,2.0074455575951173e-10
36,1.9752794596989833e-10,0,1.9752794596989833e-10
37,1.9686109172254482e-10,0,1.9686109172254482e-10
38,1.9907816465496732e-10,0,1.9907816465496732e-10
39,2.0155995778663904e-10,0,2.0155995778663904e-10
40,2.0383576870382059e-10,0,2.0383576870382059e-10
41,2.0594001037531455e-10,0,2.0594001037531455e-10
42,2.083659140013592e-10,0,2.083659140013592e-10
43,2.1116696056000622e-10,0,2.1116696056000622e-10
44,2.1438429642971165e-10,0,2.1438429642971165e-10
45,2.1900118872383107e-10,0,2.1900118872383107e-10
46,2.2512595868944458e-10,0,2.2512595868944458e-10
47,2.3187881799377658e-10,0,2.3187881799377658e-10
48,2.391848318425766e-10,0,2.391848318425766e-10
49,2.4691941354905416e-10,0,2.4691941354905416e-10
50,2.5480953054758405e-10,0,2.5480953054758405e-10
51,2.6270186600950923e-10,0,2.6270186600950923e-10
52,2.6952924102852033e-10,0,2.6952924102852033e-10
53,2.7579359931153354e-10,0,2.7579359931153354e-10
54,2.823585192479258e-10,0,2.823585192479258e-10
55,2.8869971671179534e-10,0,2.8869971671179534e-10
56,2.949921681122042e-10,0,2.949921681122042e-10
57,3.0112340098420404e-10,0,3.0112340098420404e-10
58,3.070751028768641e-10,0,3.070751028768641e-10
59,3.1266140285530465e-10,0,3.1266140285530465e-10
60,3.172752781498051e-10,0,3.172752781498051e-10
61,3.2141049300964805e-10,0,3.2141049300964805e-10
62,3.2568541433182365e-10,0,3.2568541433182365e-10
63,3.2968979682960894e-10,0,3.2968979682960894e-10
64,3.3368918603219764e-10,0,3.3368918603219764e-10
65,3.3805689005574765e-10,0,3.3805689005574765e-10
66,3.4281508880924865e-10,0,3.4281508880924865e-10
67,3.477639508876387e-10,0,3.477639508876387e-10
68,3.5250005975359e-10,0,3.5250005975359e-10
69,3.5755575525946977e-10,0,3.5755575525946977e-10
70,3.633424044252566e-10,0,3.633424044252566e-10
71,3.6940030817511903e-10,0,3.6940030817511903e-10
72,3.754990155919055e-10,0,3.754990155919055e-10
73,3.8172355731542445e-10,0,3.8172355731542445e-10
74,3.882439102688564e-10,0,3.882439102688564e-10
75,3.949996563903609e-10,0,3.949996563903609e-10
76,4.013297179613416e-10,0,4.013297179613416e-10
77,4.0643102691751103e-10,0,4.0643102691751103e-10
78,4.107592757657209e-10,0,4.107592757657209e-10
79,4.145524251630836e-10,0,4.145524251630836e-10
80,4.178242229745356e-10,0,4.178242229745356e-10
81,4.2146876643355784e-10,0,4.2146876643355784e-10
82,4.2565888091806375e-10,0,4.2565888091806375e-10
83,4.299633466923337e-10,0,4.299633466923337e-10
84,4.3506638249962466e-10,0,4.3506638249962466e-10
85,4.4078135253326675e-10,0,4.4078135253326675e-10
86,4.4674696147834814e-10,0,4.4674696147834814e-10
87,4.5315338829828913e-10,0,4.5315338829828913e-10
88,4.58584017607781e-10,0,4.58584017607781e-10
89,4.625993325575081e-10,0,4.625993325575081e-10
90,4.657540326422807e-10,0,4.657540326422807e-10
91,4.689477519943026e-10,0,4.689477519943026e-10
92,4.727723833358726e-10,0,4.727723833358726e-10
93,4.785137782799491e-10,0,4.785137782799491e-10
94,4.857862702544473e-10,0,4.857862702544473e-10
95,4.929072838375442e-10,0,4.929072838375442e-10
96,5.002732781850939e-10,0,5.002732781850939e-10
97,5.082133913133689e-10,0,5.082133913133689e-10
98,5.16006375348074e-10,0,5.16006375348074e-10
99,5.228706680239453e-10,0,5.228706680239453e-10
100,5.273689582759447e-10,0,5.273689582759447e-10
101,5.313677624188217e-10,0,5.313677624188217e-10
102,5.378597202064151e-10,0,5.378597202064151e-10
103,5.471119617109444e-10,0,5.471119617109444e-10
104,5.560139863403047e-10,0,5.560139863403047e-10
105,5.634203871050609e-10,0,5.634203871050609e-10
106,5.690279891492852e-10,0,5.690279891492852e-10
107,5.743810406346047e-10,0,5.743810406346047e-10
108,5.79026144306261e-10,0,5.79026144306261e-10
109,5.809059125486637e-10,0,5.809059125486637e-10
110,5.797742650301864e-10,0,5.797742650301864e-10
111,5.786473633611872e-10,0,5.786473633611872e-10
112,5.798863118008056e-10,0,5.798863118008056e-10
113,5.834256099120564e-10,0,5.834256099120564e-10
114,5.877991249959831e-10,0,5.877991249959831e-10
115,5.920415931655927e-10,0,5.920415931655927e-10
116,5.975507789861265e-10,0,5.975507789861265e-10
117,6.045047626858834e-10,0,6.045047626858834e-10
118,6.131626912720809e-10,0,6.131626912720809e-10
119,6.227741776368465e-10,0,6.227741776368465e-10
120,6.339546911785582e-10,0,6.339546911785582e-10
121,6.456945526003756e-10,0,6.456945526003756e-10
122,6.572519106699111e-10,0,6.572519106699111e-10
123,6.69427610608956e-10,0,6.69427610608956e-10
124,6.823111488724995e-10,0,6.823111488724995e-10
125,6.948885099155611e-10,0,6.948885099155611e-10
126,7.067550384747138e-10,0,7.067550384747138e-10
127,7.183981476518164e-10,0,7.183981476518164e-10
128,7.308169843473e-10,0,7.308169843473e-10
129,7.454301587408435e-10,0,7.454301587408435e-10
130,7.613563638668835e-10,0,7.613563638668835e-10
131,7.781369901694636e-10,0,7.781369901694636e-10
132,7.969045163660124e-10,0,7.969045163660124e-10
133,8.152219481855095e-10,0,8.152219481855095e-10
134,8.326721752594765e-10,0,8.326721752594765e-10
135,8.507499669923652e-10,0,8.507499669923652e-10
136,8.683102481202646e-10,0,8.683102481202646e-10
137,8.855268395630076e-10,0,8.855268395630076e-10
138,9.027834156572982e-10,0,9.027834156572982e-10
139,9.202711871799357e-10,0,9.202711871799357e-10
140,9.40548169378836e-10,0,9.40548169378836e-10
141,9.610714165976208e-10,0,9.610714165976208e-10
142,9.801982759957286e-10,0,9.801982759957286e-10
143,1.0005491297827183e-09,0,1.0005491297827183e-09
144,1.0225432863909963e-09,0,1.0225432863909963e-09
145,1.0457784717637218e-09,0,1.0457784717637218e-09
146,1.0696285313733068e-09,0,1.0696285313733068e-09
147,1.0929251784586413e-09,0,1.0929251784586413e-09
148,1.1189728311974634e-09,0,1.1189728311974634e-09
149,1.1540392329287555e-09,0,1.1540392329287555e-09
150,1.1950311522489948e-09,0,1.1950311522489948e-09
151,1.236384492384016e-09,0,1.236384492384016e-09
152,1.2769124387090161e-09,0,1.2769124387090161e-09
153,1.314056977923794e-09,0,1.314056977923794e-09
154,1.348338356457421e-09,0,1.348338356457421e-09
155,1.387274243094812e-09,0,1.387274243094812e-09
156,1.4253894008906518e-09,0,1.4253894008906518e-09
157,1.4628065018709988e-09,0,1.4628065018709988e-09
158,1.5092841768593195e-09,0,1.5092841768593195e-09
159,1.5723817650636075e-09,0,1.5723817650636075e-09
160,1.6585714750495e-09,0,1.6585714750495e-09
161,1.7536858487604226e-09,0,1.7536858487604226e-09
162,1.8480475543917398e-09,0,1.8480475543917398e-09
163,1.9532813735117872e-09,0,1.9532813735117872e-09
164,2.0788101419717074e-09,0,2.0788101419717074e-09
165,2.203693002005311e-09,0,2.203693002005311e-09
166,2.3235794760381404e-09,0,2.3235794760381404e-09
167,2.4386626015465493e-09,0,2.4386626015465493e-09
168,2.567523499361145e-09,0,2.567523499361145e-09
169,2.696683648785642e-09,0,2.696683648785642e-09
170,2.8039736843880902e-09,0,2.8039736843880902e-09
171,2.8823539752190475e-09,0,2.8823539752190475e-09
172,2.967398479042129e-09,0,2.967398479042129e-09
173,3.0390545449915045e-09,0,3.0390545449915045e-09
174,3.091101446531109e-09,0,3.091101446531109e-09
175,3.14422611904115e-09,0,3.14422611904115e-09
176,3.214450786062483e-09,0,3.214450786062483e-09
177,3.3035579813551988e-09,0,3.3035579813551988e-09
178,3.404968317545185e-09,0,3.404968317545185e-09
179,3.570849679713435e-09,0,3.570849679713435e-09
180,4.069114694740583e-09,0,4.069114694740583e-09
181,4.6314413767295246e-09,0,4.6314413767295246e-09
182,5.0968640205229645e-09,0,5.0968640205229645e-09
183,5.397516104888601e-09,0,5.397516104888601e-09
184,5.685945646790115e-09,0,5.685945646790115e-09
185,6.012256154395166e-09,0,6.012256154395166e-09
186,6.2808642817742e-09,0,6.2808642817742e-09
187,6.106097582407797e-09,0,6.106097582407797e-09
188,6.0256715465655254e-09,0,6.0256715465655254e-09
189,6.132906177381416e-09,0,6.132906177381416e-09
190,6.491848750891505e-09,0,6.491848750891505e-09
191,6.977539701893694e-09,0,6.977539701893694e-09
192,7.559271739663926e-09,0,7.559271739663926e-09
193,8.438416322645985e-09,0,8.438416322645985e-09
194,9.776745737155764e-09,0,9.776745737155764e-09
195,1.1555988024978281e-08,0,1.1555988024978281e-08
196,1.3802716901188282e-08,0,1.3802716901188282e-08
197,1.6390239672780707e-08,0,1.6390239672780707e-08
198,1.8658486284052545e-08,0,1.8658486284052545e-08
199,2.056203081705649e-08,0,2.056203081705649e-08
200,2.1652610015812692e-08,0,2.1652610015812692e-08
201,2.169546873706124e-08,0,2.169546873706124e-08
202,2.1228745181474108e-08,0,2.1228745181474108e-08
203,2.2107354801981248e-08,0,2.2107354801981248e-08
204,2.5547092486989414e-08,0,2.5547092486989414e-08
205,3.329385927590072e-08,0,3.329385927590072e-08
206,4.4068263585713564e-08,0,4.4068263585713564e-08
207,5.310481446657658e-08,0,5.310481446657658e-08
208,5.2087493066820805e-08,0,5.2087493066820805e-08
209,5.4772081544733637e-08,0,5.4772081544733637e-08
210,5.759497042875097e-08,0,5.759497042875097e-08
211,6.056334769711974e-08,0,6.056334769711974e-08
