Temperature: 20 C
Humidity: 22 %
Date: 1970-01-01 00:00:00.000000
voltage,pad,gr,totalCurrent
0,8.486750899350431e-11,0,8.486750899350431e-11
1,8.527868447943632e-11,0,8.527868447943632e-11
2,8.56920402461382e-11,0,8.56920402461382e-11
3,8.61073995966302e-11,0,8.61073995966302e-11
4,8.643969358103314e-11,0,8.643969358103314e-11
5,8.713089908220345e-11,0,8.713089908220345e-11
6,8.816056260892263e-11,0,8.816056260892263e-11
7,8.921101329482524e-11,0,8.921101329482524e-11
8,9.022621853091565e-11,0,9.022621853091565e-11
9,9.241106841591761e-11,0,9.241106841591761e-11
10,9.5954467753212e-11,0,9.5954467753212e-11
11,9.972895274788508e-11,0,9.972895274788508e-11
12,1.0419069652595578e-10,0,1.0419069652595578e-10
13,1.1197077664638165e-10,0,1.1197077664638165e-10
14,1.2340165705831616e-10,0,1.2340165705831616e-10
15,1.3770369046645172e-10,0,1.3770369046645172e-10
16,1.5735699834243569e-10,0,1.5735699834243569e-10
17,1.8378694192337642e-10,0,1.8378694192337642e-10
18,2.2841498606881673e-10,0,2.2841498606881673e-10
19,2.9225384325526445e-10,0,2.9225384325526445e-10
20,3.6696350819589656e-10,0,3.6696350819589656e-10
21,4.553688745092409e-10,0,4.553688745092409e-10
22,5.578557961349572e-10,0,5.578557961349572e-10
23,6.594218333251757e-10,0,6.594218333251757e-10
24,7.521123013739784e-10,0,7.521123013739784e-10
25,8.059713761393482e-10,0,8.059713761393482e-10
26,8.342150101021358e-10,0,8.342150101021358e-10
27,8.526108340014714e-10,0,8.526108340014714e-10
28,8.598231650389188e-10,0,8.598231650389188e-10
29,8.677307936263454e-10,0,8.677307936263454e-10
30,8.782146036096149e-10,0,8.782146036096149e-10
31,8.895436249466507e-10,0,8.895436249466507e-10
32,9.031720568968279e-10,0,9.031720568968279e-10
33,9.220168243124251e-10,0,9.220168243124251e-10
34,9.413912159086655e-10,0,9.413912159086655e-10
35,9.663450300618428e-10,0,9.663450300618428e-10
36,9.937022633051428e-10,0,9.937022633051428e-10
37,1.0179125217968264e-09,0,1.0179125217968264e-09
38,1.0395256567377305e-09,0,1.0395256567377305e-09
39,1.0591295223249518e-09,0,1.0591295223249518e-09
40,1.0707259904551599e-09,0,1.0707259904551599e-09
41,1.0797217349565985e-09,0,1.0797217349565985e-09
42,1.0821143283098965e-09,0,1.0821143283098965e-09
43,1.0859372947843033e-09,0,1.0859372947843033e-09
44,1.0940897850178585e-09,0,1.0940897850178585e-09
45,1.1023034786904403e-09,0,1.1023034786904403e-09
46,1.111710986447002e-09,0,1.111710986447002e-09
47,1.119847925951587e-09,0,1.119847925951587e-09
48,1.1314406621620706e-09,0,1.1314406621620706e-09
49,1.1452564344650364e-09,0,1.1452564344650364e-09
50,1.1586733791831631e-09,0,1.1586733791831631e-09
51,1.1710588488736308e-09,0,1.1710588488736308e-09
52,1.1892039625692394e-09,0,1.1892039625692394e-09
53,1.2113884383327767e-09,0,1.2113884383327767e-09
54,1.239554234904998e-09,0,1.239554234904998e-09
55,1.2701503524347655e-09,0,1.2701503524347655e-09
56,1.3047294861164763e-09,0,1.3047294861164763e-09
57,1.3362622066653916e-09,0,1.3362622066653916e-09
58,1.3682384924397871e-09,0,1.3682384924397871e-09
59,1.3994794635049716e-09,0,1.3994794635049716e-09
60,1.4289746632439041e-09,0,1.4289746632439041e-09
61,1.4579897244596136e-09,0,1.4579897244596136e-09
62,1.488835769126598e-09,0,1.488835769126598e-09
63,1.5179992362022662e-09,0,1.5179992362022662e-09
64,1.5503089113293205e-09,0,1.5503089113293205e-09
65,1.5819474294220605e-09,0,1.5819474294220605e-09
66,1.6149655459014812e-09,0,1.6149655459014812e-09
67,1.6468853285045836e-09,0,1.6468853285045836e-09
68,1.6797974585584812e-09,0,1.6797974585584812e-09
69,1.7214264874700141e-09,0,1.7214264874700141e-09
70,1.7687340814538325e-09,0,1.7687340814538325e-09
71,1.8156943404252292e-09,0,1.8156943404252292e-09
72,1.8610793922711922e-09,0,1.8610793922711922e-09
73,1.905677138741223e-09,0,1.905677138741223e-09
74,1.949193719438611e-09,0,1.949193719438611e-09
75,1.991105170479887e-09,0,1.991105170479887e-09
76,2.0187888817269234e-09,0,2.0187888817269234e-09
77,2.0373552955224856e-09,0,2.0373552955224856e-09
78,2.0523394048053806e-09,0,2.0523394048053806e-09
79,2.068927888010889e-09,0,2.068927888010889e-09
80,2.0816651588301866e-09,0,2.0816651588301866e-09
81,2.09429228314359e-09,0,2.09429228314359e-09
82,2.11266216741844e-09,0,2.11266216741844e-09
83,2.137459430946328e-09,0,2.137459430946328e-09
84,2.164609701291449e-09,0,2.164609701291449e-09
85,2.195158835367144e-09,0,2.195158835367144e-09
86,2.227635467031218e-09,0,2.227635467031218e-09
87,2.2676724816140285e-09,0,2.2676724816140285e-09
88,2.3085405997363074e-09,0,2.3085405997363074e-09
89,2.3411930041931088e-09,0,2.3411930041931088e-09
90,2.365772029137759e-09,0,2.365772029137759e-09
91,2.3865126908287395e-09,0,2.3865126908287395e-09
92,2.4066159132521606e-09,0,2.4066159132521606e-09
93,2.426137171745147e-09,0,2.426137171745147e-09
94,2.4394552849817133e-09,0,2.4394552849817133e-09
95,2.4561127446326506e-09,0,2.4561127446326506e-09
96,2.4781568997841297e-09,0,2.4781568997841297e-09
97,2.5059286223059884e-09,0,2.5059286223059884e-09
98,2.5340060070477856e-09,0,2.5340060070477856e-09
99,2.5597153977141498e-09,0,2.5597153977141498e-09
100,2.5863159585934414e-09,0,2.5863159585934414e-09
101,2.6148977991778526e-09,0,2.6148977991778526e-09
102,2.644277407657558e-09,0,2.644277407657558e-09
103,2.6675475829596613e-09,0,2.6675475829596613e-09
104,2.6850902823846106e-09,0,2.6850902823846106e-09
105,2.702742413560017e-09,0,2.702742413560017e-09
106,2.7289230349024155e-09,0,2.7289230349024155e-09
107,2.7593595665727924e-09,0,2.7593595665727924e-09
108,2.796625366792618e-09,0,2.796625366792618e-09
109,2.8389666183084032e-09,0,2.8389666183084032e-09
110,2.902972630517224e-09,0,2.902972630517224e-09
111,2.9900236896698065e-09,0,2.9900236896698065e-09
112,3.1008845394194202e-09,0,3.1008845394194202e-09
113,3.2279895019893685e-09,0,3.2279895019893685e-09
114,3.3643505819721437e-09,0,3.3643505819721437e-09
115,3.5017013089321738e-09,0,3.5017013089321738e-09
116,3.643139102284997e-09,0,3.643139102284997e-09
117,3.765245223823278e-09,0,3.765245223823278e-09
118,3.874671616973314e-09,0,3.874671616973314e-09
119,3.976785140629951e-09,0,3.976785140629951e-09
120,4.0575686535659786e-09,0,4.0575686535659786e-09
121,4.155093664882807e-09,0,4.155093664882807e-09
122,4.268213768359211e-09,0,4.268213768359211e-09
123,4.3909460168857346e-09,0,4.3909460168857346e-09
124,4.54613538004647e-09,0,4.54613538004647e-09
125,4.714143367634732e-09,0,4.714143367634732e-09
126,4.872927130270324e-09,0,4.872927130270324e-09
127,5.0613965282486245e-09,0,5.0613965282486245e-09
128,5.2533932397915014e-09,0,5.2533932397915014e-09
129,5.444764249886899e-09,0,5.444764249886899e-09
130,5.641793160933362e-09,0,5.641793160933362e-09
131,5.8357424268075934e-09,0,5.8357424268075934e-09
132,6.039740190775646e-09,0,6.039740190775646e-09
133,6.2783683802009035e-09,0,6.2783683802009035e-09
134,6.518933629801073e-09,0,6.518933629801073e-09
135,6.758023214078459e-09,0,6.758023214078459e-09
136,7.010960359688683e-09,0,7.010960359688683e-09
137,7.263835499412232e-09,0,7.263835499412232e-09
138,7.521932329341457e-09,0,7.521932329341457e-09
139,7.787677647263297e-09,0,7.787677647263297e-09
140,8.055874111221008e-09,0,8.055874111221008e-09
141,8.325350506736151e-09,0,8.325350506736151e-09
142,8.619801878910784e-09,0,8.619801878910784e-09
143,8.935393870152462e-09,0,8.935393870152462e-09
144,9.31250716440819e-09,0,9.31250716440819e-09
145,9.747249095829671e-09,0,9.747249095829671e-09
146,1.0255881086014308e-08,0,1.0255881086014308e-08
147,1.0852328659713668e-08,0,1.0852328659713668e-08
148,1.1595744291557437e-08,0,1.1595744291557437e-08
149,1.260088142015167e-08,0,1.260088142015167e-08
150,1.3806278739919838e-08,0,1.3806278739919838e-08
151,1.5202209042544903e-08,0,1.5202209042544903e-08
152,1.692068238111781e-08,0,1.692068238111781e-08
153,1.9414213126510978e-08,0,1.9414213126510978e-08
154,2.3099934288676975e-08,0,2.3099934288676975e-08
155,2.7535910701758955e-08,0,2.7535910701758955e-08
156,3.2038204067652076e-08,0,3.2038204067652076e-08
157,3.6715897185993857e-08,0,3.6715897185993857e-08
158,4.184724852976092e-08,0,4.184724852976092e-08
159,4.7325329981661017e-08,0,4.7325329981661017e-08
160,5.187563622506433e-08,0,5.187563622506433e-08
161,5.432182902774452e-08,0,5.432182902774452e-08
162,6.013153985379758e-08,0,6.013153985379758e-08
163,7.102049355039311e-08,0,7.102049355039311e-08
164,8.748356638815657e-08,0,8.748356638815657e-08
165,1.1130801350403899e-07,0,1.1130801350403899e-07
166,1.4162058523362391e-07,0,1.4162058523362391e-07
167,1.8018819607436763e-07,0,1.8018819607436763e-07
