Temperature: -10 C
Humidity: 10 %
Date: 1970-01-01 00:00:00.000000
voltage,pad,gr,totalCurrent
0,2.079700486717864e-11,0,2.079700486717864e-11
1,1.1030032443231983e-11,0,1.1030032443231983e-11
2,5.8499585144952156e-12,0,5.8499585144952156e-12
3,3.1026213927696704e-12,0,3.1026213927696704e-12
4,1.612297366640899e-12,0,1.612297366640899e-12
5,1.0626075799189649e-12,0,1.0626075799189649e-12
6,8.915578662005518e-13,0,8.915578662005518e-13
7,7.854227102244902e-13,0,7.854227102244902e-13
8,7.198019524336833e-13,0,7.198019524336833e-13
9,7.184959619251797e-13,0,7.184959619251797e-13
10,7.86770874227383e-13,0,7.86770874227383e-13
11,8.979966713890055e-13,0,8.979966713890055e-13
12,1.0310278062244196e-12,0,1.0310278062244196e-12
13,1.1624068536270643e-12,0,1.1624068536270643e-12
14,1.2588104140636117e-12,0,1.2588104140636117e-12
15,1.3640595669167447e-12,0,1.3640595669167447e-12
16,1.5163600894088056e-12,0,1.5163600894088056e-12
17,1.656482235762397e-12,0,1.656482235762397e-12
18,1.8235579576058607e-12,0,1.8235579576058607e-12
19,1.998468589225986e-12,0,1.998468589225986e-12
20,2.2614813230114208e-12,0,2.2614813230114208e-12
21,2.6233811229001365e-12,0,2.6233811229001365e-12
22,3.03528635030384e-12,0,3.03528635030384e-12
23,3.3941587794780758e-12,0,3.3941587794780758e-12
24,3.731760119493854e-12,0,3.731760119493854e-12
25,4.135032430196404e-12,0,4.135032430196404e-12
26,4.608078399189427e-12,0,4.608078399189427e-12
27,4.982297507715828e-12,0,4.982297507715828e-12
28,5.286048941855462e-12,0,5.286048941855462e-12
29,5.608331243059289e-12,0,5.608331243059289e-12
30,5.879695297025936e-12,0,5.879695297025936e-12
31,6.1080152959845795e-12,0,6.1080152959845795e-12
32,6.212539419435919e-12,0,6.212539419435919e-12
33,6.289573225069549e-12,0,6.289573225069549e-12
34,6.325877215466436e-12,0,6.325877215466436e-12
35,6.316868314771604e-12,0,6.316868314771604e-12
36,6.320586920992537e-12,0,6.320586920992537e-12
37,6.373787542052586e-12,0,6.373787542052586e-12
38,6.460320988967308e-12,0,6.460320988967308e-12
39,6.555524959796914e-12,0,6.555524959796914e-12
40,6.635689599102234e-12,0,6.635689599102234e-12
41,6.7363470537409764e-12,0,6.7363470537409764e-12
42,6.8234561060018895e-12,0,6.8234561060018895e-12
43,6.923783434534743e-12,0,6.923783434534743e-12
44,7.048254685867049e-12,0,7.048254685867049e-12
45,7.259243128667155e-12,0,7.259243128667155e-12
46,7.528806762718616e-12,0,7.528806762718616e-12
47,7.815465068924927e-12,0,7.815465068924927e-12
48,8.100967894827192e-12,0,8.100967894827192e-12
49,8.391517850912733e-12,0,8.391517850912733e-12
50,8.697854071545517e-12,0,8.697854071545517e-12
51,8.99016735794778e-12,0,8.99016735794778e-12
52,9.204025510551959e-12,0,9.204025510551959e-12
53,9.3845415837113e-12,0,9.3845415837113e-12
54,9.56309455119753e-12,0,9.56309455119753e-12
55,9.715707724145675e-12,0,9.715707724145675e-12
56,9.848391117733945e-12,0,9.848391117733945e-12
57,9.96523334450478e-12,0,9.96523334450478e-12
58,1.0075006933712986e-11,0,1.0075006933712986e-11
59,1.0167575529399266e-11,0,1.0167575529399266e-11
60,1.0260521473048292e-11,0,1.0260521473048292e-11
61,1.0377671753474953e-11,0,1.0377671753474953e-11
62,1.0511729006190572e-11,0,1.0511729006190572e-11
63,1.066905030720824e-11,0,1.066905030720824e-11
64,1.0802316156916584e-11,0,1.0802316156916584e-11
65,1.1006853088363676e-11,0,1.1006853088363676e-11
66,1.1275342567406111e-11,0,1.1275342567406111e-11
67,1.1547059130589247e-11,0,1.1547059130589247e-11
68,1.1856004889761545e-11,0,1.1856004889761545e-11
69,1.2217135076779646e-11,0,1.2217135076779646e-11
70,1.2604229993135121e-11,0,1.2604229993135121e-11
71,1.3094136797316413e-11,0,1.3094136797316413e-11
72,1.3539221840475344e-11,0,1.3539221840475344e-11
73,1.3989202638281077e-11,0,1.3989202638281077e-11
74,1.456121174807757e-11,0,1.456121174807757e-11
75,1.5240848556072447e-11,0,1.5240848556072447e-11
76,1.596173797778337e-11,0,1.596173797778337e-11
77,1.6654912615830987e-11,0,1.6654912615830987e-11
78,1.7251084650694085e-11,0,1.7251084650694085e-11
79,1.7781895983953328e-11,0,1.7781895983953328e-11
80,1.8377483490012163e-11,0,1.8377483490012163e-11
81,1.9078711874914694e-11,0,1.9078711874914694e-11
82,1.9779618842594326e-11,0,1.9779618842594326e-11
83,2.06301656931311e-11,0,2.06301656931311e-11
84,2.1850929190437492e-11,0,2.1850929190437492e-11
85,2.3424683352475793e-11,0,2.3424683352475793e-11
86,2.529413924833374e-11,0,2.529413924833374e-11
87,2.7486614173175402e-11,0,2.7486614173175402e-11
88,2.988198942719186e-11,0,2.988198942719186e-11
89,3.274121239063991e-11,0,3.274121239063991e-11
90,3.589363740727026e-11,0,3.589363740727026e-11
91,3.9435398198573244e-11,0,3.9435398198573244e-11
92,4.3774196733404975e-11,0,4.3774196733404975e-11
93,4.94064625602099e-11,0,4.94064625602099e-11
94,5.60503167994748e-11,0,5.60503167994748e-11
95,6.377679702382005e-11,0,6.377679702382005e-11
96,7.302122202477987e-11,0,7.302122202477987e-11
97,8.513180820059112e-11,0,8.513180820059112e-11
98,1.012688779178886e-10,0,1.012688779178886e-10
99,1.2293213179876024e-10,0,1.2293213179876024e-10
100,1.554303946467759e-10,0,1.554303946467759e-10
101,1.9839562075048728e-10,0,1.9839562075048728e-10
102,2.5785356394817006e-10,0,2.5785356394817006e-10
103,3.4580155545120385e-10,0,3.4580155545120385e-10
104,4.957023151586697e-10,0,4.957023151586697e-10
105,7.025647616635324e-10,0,7.025647616635324e-10
106,9.95753356877787e-10,0,9.95753356877787e-10
107,1.4112899259033792e-09,0,1.4112899259033792e-09
