Temperature: 30 C
Humidity: 10 %
Date: 1970-01-01 00:00:00.000000
voltage,pad,gr,totalCurrent
0,3.3340060600532466e-12,0,3.3340060600532466e-12
1,4.331094237442653e-12,0,4.331094237442653e-12
2,5.626365328660741e-12,0,5.626365328660741e-12
3,7.30900439382897e-12,0,7.30900439382897e-12
4,9.056943509320423e-12,0,9.056943509320423e-12
5,1.1447259161734117e-11,0,1.1447259161734117e-11
6,1.457256737024833e-11,0,1.457256737024833e-11
7,1.845192818555754e-11,0,1.845192818555754e-11
8,2.189103159190636e-11,0,2.189103159190636e-11
9,2.449224241082636e-11,0,2.449224241082636e-11
10,2.725665068594533e-11,0,2.725665068594533e-11
11,3.0336604686612815e-11,0,3.0336604686612815e-11
12,3.420578635573928e-11,0,3.420578635573928e-11
13,3.8488075405668367e-11,0,3.8488075405668367e-11
14,4.440972701995196e-11,0,4.440972701995196e-11
15,5.343398145577214e-11,0,5.343398145577214e-11
16,6.742222218552172e-11,0,6.742222218552172e-11
17,8.90720327256197e-11,0,8.90720327256197e-11
18,1.2209330679159925e-10,0,1.2209330679159925e-10
19,1.6986073630715264e-10,0,1.6986073630715264e-10
20,2.3460202918772016e-10,0,2.3460202918772016e-10
21,3.1225864105311177e-10,0,3.1225864105311177e-10
22,3.961514865788139e-10,0,3.961514865788139e-10
23,4.826707380255872e-10,0,4.826707380255872e-10
24,5.618599381112272e-10,0,5.618599381112272e-10
25,6.253971957630481e-10,0,6.253971957630481e-10
26,6.680883057891591e-10,0,6.680883057891591e-10
27,7.024506057081901e-10,0,7.024506057081901e-10
28,7.352532592120841e-10,0,7.352532592120841e-10
29,7.742848412413308e-10,0,7.742848412413308e-10
30,8.113714870849394e-10,0,8.113714870849394e-10
31,8.489863714531842e-10,0,8.489863714531842e-10
32,8.829288597882801e-10,0,8.829288597882801e-10
33,9.11564426780804e-10,0,9.11564426780804e-10
34,9.483044410380133e-10,0,9.483044410380133e-10
35,9.874745453909367e-10,0,9.874745453909367e-10
36,1.0164070771899364e-09,0,1.0164070771899364e-09
37,1.0402974995591643e-09,0,1.0402974995591643e-09
38,1.0614951321419086e-09,0,1.0614951321419086e-09
39,1.0800537229778904e-09,0,1.0800537229778904e-09
40,1.0994967807056803e-09,0,1.0994967807056803e-09
41,1.116094278930311e-09,0,1.116094278930311e-09
42,1.1324423785611046e-09,0,1.1324423785611046e-09
43,1.1504715742807825e-09,0,1.1504715742807825e-09
44,1.1698970862030103e-09,0,1.1698970862030103e-09
45,1.1899615075256474e-09,0,1.1899615075256474e-09
46,1.2064560274506565e-09,0,1.2064560274506565e-09
47,1.2204291313888101e-09,0,1.2204291313888101e-09
48,1.233358265551979e-09,0,1.233358265551979e-09
49,1.2453163601260424e-09,0,1.2453163601260424e-09
50,1.262569857702239e-09,0,1.262569857702239e-09
51,1.282631332505644e-09,0,1.282631332505644e-09
52,1.3026682607824716e-09,0,1.3026682607824716e-09
53,1.3228816615648403e-09,0,1.3228816615648403e-09
54,1.3421083860626895e-09,0,1.3421083860626895e-09
55,1.356001976544881e-09,0,1.356001976544881e-09
56,1.371839654194107e-09,0,1.371839654194107e-09
57,1.3882494138612285e-09,0,1.3882494138612285e-09
58,1.4066891177790925e-09,0,1.4066891177790925e-09
59,1.4277858905928362e-09,0,1.4277858905928362e-09
60,1.4547405010757584e-09,0,1.4547405010757584e-09
61,1.488401007912662e-09,0,1.488401007912662e-09
62,1.5241149767693962e-09,0,1.5241149767693962e-09
63,1.5601342258926273e-09,0,1.5601342258926273e-09
64,1.5895838981522762e-09,0,1.5895838981522762e-09
65,1.6161575521757168e-09,0,1.6161575521757168e-09
66,1.6511328599054704e-09,0,1.6511328599054704e-09
67,1.680620238882372e-09,0,1.680620238882372e-09
68,1.7044922831725042e-09,0,1.7044922831725042e-09
69,1.7248660377058762e-09,0,1.7248660377058762e-09
70,1.7491207265415115e-09,0,1.7491207265415115e-09
71,1.7758677860320145e-09,0,1.7758677860320145e-09
72,1.804964949922474e-09,0,1.804964949922474e-09
73,1.8300083832078302e-09,0,1.8300083832078302e-09
74,1.8653263024917363e-09,0,1.8653263024917363e-09
75,1.903786589377138e-09,0,1.903786589377138e-09
76,1.9507780614724615e-09,0,1.9507780614724615e-09
77,1.9905849347281385e-09,0,1.9905849347281385e-09
78,2.0363578686135696e-09,0,2.0363578686135696e-09
79,2.08658038101217e-09,0,2.08658038101217e-09
80,2.1294389330942862e-09,0,2.1294389330942862e-09
81,2.1688109384185268e-09,0,2.1688109384185268e-09
82,2.209172854738564e-09,0,2.209172854738564e-09
83,2.2514326187577104e-09,0,2.2514326187577104e-09
84,2.302076092726626e-09,0,2.302076092726626e-09
85,2.3440840656162994e-09,0,2.3440840656162994e-09
86,2.384883426216515e-09,0,2.384883426216515e-09
87,2.4345961206164687e-09,0,2.4345961206164687e-09
88,2.4904367727031967e-09,0,2.4904367727031967e-09
89,2.567078130730622e-09,0,2.567078130730622e-09
90,2.6420718155400903e-09,0,2.6420718155400903e-09
91,2.7180623488874155e-09,0,2.7180623488874155e-09
92,2.8079294532022325e-09,0,2.8079294532022325e-09
93,2.9127167164878512e-09,0,2.9127167164878512e-09
94,3.0210960140612654e-09,0,3.0210960140612654e-09
95,3.119002290318227e-09,0,3.119002290318227e-09
96,3.1892378149815447e-09,0,3.1892378149815447e-09
97,3.248939604442023e-09,0,3.248939604442023e-09
98,3.2955082366039355e-09,0,3.2955082366039355e-09
99,3.326897444589671e-09,0,3.326897444589671e-09
100,3.358563504497602e-09,0,3.358563504497602e-09
101,3.3860741520016465e-09,0,3.3860741520016465e-09
102,3.411531986930492e-09,0,3.411531986930492e-09
103,3.446538066136504e-09,0,3.446538066136504e-09
104,3.4845422047944728e-09,0,3.4845422047944728e-09
105,3.525070263679614e-09,0,3.525070263679614e-09
106,3.564856130861423e-09,0,3.564856130861423e-09
107,3.5793833392671367e-09,0,3.5793833392671367e-09
108,3.6025903037355672e-09,0,3.6025903037355672e-09
109,3.640012433653237e-09,0,3.640012433653237e-09
110,3.6823002212449413e-09,0,3.6823002212449413e-09
111,3.761947671515861e-09,0,3.761947671515861e-09
112,3.881262760393174e-09,0,3.881262760393174e-09
113,4.011173841158309e-09,0,4.011173841158309e-09
114,4.203273099261799e-09,0,4.203273099261799e-09
115,4.408558885930415e-09,0,4.408558885930415e-09
116,4.641520883840734e-09,0,4.641520883840734e-09
117,4.967353076865341e-09,0,4.967353076865341e-09
118,5.352722794232794e-09,0,5.352722794232794e-09
119,5.764925322440322e-09,0,5.764925322440322e-09
120,6.200436934910325e-09,0,6.200436934910325e-09
121,6.541806138398671e-09,0,6.541806138398671e-09
122,6.862841717088901e-09,0,6.862841717088901e-09
123,7.144070507510134e-09,0,7.144070507510134e-09
124,7.314848915352168e-09,0,7.314848915352168e-09
125,7.38069578845798e-09,0,7.38069578845798e-09
126,7.432529906151478e-09,0,7.432529906151478e-09
127,7.484728051280066e-09,0,7.484728051280066e-09
128,7.500523096658059e-09,0,7.500523096658059e-09
129,7.498250509162728e-09,0,7.498250509162728e-09
130,7.420576079856916e-09,0,7.420576079856916e-09
131,7.316278643876036e-09,0,7.316278643876036e-09
132,7.219896938794426e-09,0,7.219896938794426e-09
133,7.07525237381541e-09,0,7.07525237381541e-09
134,6.9335208664991245e-09,0,6.9335208664991245e-09
135,6.8739121820926475e-09,0,6.8739121820926475e-09
136,6.880013080265825e-09,0,6.880013080265825e-09
137,7.0135472777908875e-09,0,7.0135472777908875e-09
138,7.1660671950756435e-09,0,7.1660671950756435e-09
139,7.3588643709194205e-09,0,7.3588643709194205e-09
140,7.623333650898964e-09,0,7.623333650898964e-09
141,7.97312355684483e-09,0,7.97312355684483e-09
142,8.38529181190283e-09,0,8.38529181190283e-09
143,8.763690561869428e-09,0,8.763690561869428e-09
144,9.153796584705065e-09,0,9.153796584705065e-09
145,9.555013062213737e-09,0,9.555013062213737e-09
146,9.92256592275426e-09,0,9.92256592275426e-09
147,1.0311715834696685e-08,0,1.0311715834696685e-08
148,1.0725250113308862e-08,0,1.0725250113308862e-08
149,1.1134346049323721e-08,0,1.1134346049323721e-08
150,1.166569838761387e-08,0,1.166569838761387e-08
151,1.2157348525674847e-08,0,1.2157348525674847e-08
152,1.2649022937957813e-08,0,1.2649022937957813e-08
153,1.313096437982181e-08,0,1.313096437982181e-08
154,1.3502568627410837e-08,0,1.3502568627410837e-08
155,1.3970844662054582e-08,0,1.3970844662054582e-08
156,1.4594199503220726e-08,0,1.4594199503220726e-08
157,1.538903946942995e-08,0,1.538903946942995e-08
158,1.6464676846967856e-08,0,1.6464676846967856e-08
159,1.7837919675192258e-08,0,1.7837919675192258e-08
160,1.9607352505605763e-08,0,1.9607352505605763e-08
161,2.2377130849329996e-08,0,2.2377130849329996e-08
162,2.6023985133913147e-08,0,2.6023985133913147e-08
163,3.021092697026149e-08,0,3.021092697026149e-08
164,3.4736631126644317e-08,0,3.4736631126644317e-08
165,3.95059944329513e-08,0,3.95059944329513e-08
166,4.5780877080818585e-08,0,4.5780877080818585e-08
167,5.385032110103452e-08,0,5.385032110103452e-08
168,6.21125036374359e-08,0,6.21125036374359e-08
169,7.41301092811055e-08,0,7.41301092811055e-08
170,9.689160797141923e-08,0,9.689160797141923e-08
171,1.353116713705454e-07,0,1.353116713705454e-07
172,1.999603330672385e-07,0,1.999603330672385e-07
173,2.8639029309181955e-07,0,2.8639029309181955e-07
174,3.7990850158650375e-07,0,3.7990850158650375e-07
175,5.411953938652017e-07,0,5.411953938652017e-07
176,7.709544049009515e-07,0,7.709544049009515e-07
177,1.0982564777310709e-06,0,1.0982564777310709e-06
