Temperature: 30 C
Humidity: 10 %
Date: 1970-01-01 00:00:00.000000
voltage,pad,gr,totalCurrent
26,1.4324116621206556e-10,0,1.4324116621206556e-10
27,1.4575415660824982e-10,0,1.4575415660824982e-10
28,1.4668433736124168e-10,0,1.4668433736124168e-10
29,1.4783812751976e-10,0,1.4783812751976e-10
30,1.4888390384888683e-10,0,1.4888390384888683e-10
31,1.4994761413016927e-10,0,1.4994761413016927e-10
32,1.5103948629973756e-10,0,1.5103948629973756e-10
33,1.5247978828063982e-10,0,1.5247978828063982e-10
34,1.543966003713593e-10,0,1.543966003713593e-10
35,1.5652231530245197e-10,0,1.5652231530245197e-10
36,1.587166756742249e-10,0,1.587166756742249e-10
37,1.6082945317278882e-10,0,1.6082945317278882e-10
38,1.631673021788032e-10,0,1.631673021788032e-10
39,1.6608456932840562e-10,0,1.6608456932840562e-10
40,1.6882843800749776e-10,0,1.6882843800749776e-10
41,1.708967196308957e-10,0,1.708967196308957e-10
42,1.725839741411397e-10,0,1.725839741411397e-10
43,1.7377121456592557e-10,0,1.7377121456592557e-10
44,1.7493934533096762e-10,0,1.7493934533096762e-10
45,1.757313336701368e-10,0,1.757313336701368e-10
46,1.762073954150364e-10,0,1.762073954150364e-10
47,1.765966961991238e-10,0,1.765966961991238e-10
48,1.770257261775301e-10,0,1.770257261775301e-10
49,1.7805770052212162e-10,0,1.7805770052212162e-10
50,1.7927157286018387e-10,0,1.7927157286018387e-10
51,1.8102561048333655e-10,0,1.8102561048333655e-10
52,1.8319946216469547e-10,0,1.8319946216469547e-10
53,1.8528545960183098e-10,0,1.8528545960183098e-10
54,1.8753599650338208e-10,0,1.8753599650338208e-10
55,1.8974927376389246e-10,0,1.8974927376389246e-10
56,1.9127792344071517e-10,0,1.9127792344071517e-10
57,1.934248972729413e-10,0,1.934248972729413e-10
58,1.9496688868937363e-10,0,1.9496688868937363e-10
59,1.961486723548403e-10,0,1.961486723548403e-10
60,1.973090211905322e-10,0,1.973090211905322e-10
61,1.9839082854649097e-10,0,1.9839082854649097e-10
62,1.9950353698558361e-10,0,1.9950353698558361e-10
63,2.0071458235743567e-10,0,2.0071458235743567e-10
64,2.011646536761727e-10,0,2.011646536761727e-10
65,2.0264460160870965e-10,0,2.0264460160870965e-10
66,2.0448313800206792e-10,0,2.0448313800206792e-10
67,2.0662037675474424e-10,0,2.0662037675474424e-10
68,2.0881021449856094e-10,0,2.0881021449856094e-10
69,2.1138083678509988e-10,0,2.1138083678509988e-10
70,2.1398968405378926e-10,0,2.1398968405378926e-10
71,2.1698303587497406e-10,0,2.1698303587497406e-10
72,2.1901850210596105e-10,0,2.1901850210596105e-10
73,2.208775095545484e-10,0,2.208775095545484e-10
74,2.2239599434987755e-10,0,2.2239599434987755e-10
75,2.2384625695788458e-10,0,2.2384625695788458e-10
76,2.2507059742909398e-10,0,2.2507059742909398e-10
77,2.267478284793211e-10,0,2.267478284793211e-10
78,2.2809720549293427e-10,0,2.2809720549293427e-10
79,2.2973291372987647e-10,0,2.2973291372987647e-10
80,2.3122238916763436e-10,0,2.3122238916763436e-10
81,2.3283039796890204e-10,0,2.3283039796890204e-10
82,2.343600258792223e-10,0,2.343600258792223e-10
83,2.363129232394139e-10,0,2.363129232394139e-10
84,2.379866423554525e-10,0,2.379866423554525e-10
85,2.4091221779771435e-10,0,2.4091221779771435e-10
86,2.4359544263689977e-10,0,2.4359544263689977e-10
87,2.4693568051554897e-10,0,2.4693568051554897e-10
88,2.5009919684218667e-10,0,2.5009919684218667e-10
89,2.537441608845145e-10,0,2.537441608845145e-10
90,2.568831864061668e-10,0,2.568831864061668e-10
91,2.6031415238384403e-10,0,2.6031415238384403e-10
92,2.6321347150536037e-10,0,2.6321347150536037e-10
93,2.668942082577713e-10,0,2.668942082577713e-10
94,2.702404139957431e-10,0,2.702404139957431e-10
95,2.743270678162415e-10,0,2.743270678162415e-10
96,2.781766538257053e-10,0,2.781766538257053e-10
97,2.822897036762532e-10,0,2.822897036762532e-10
98,2.861152862319655e-10,0,2.861152862319655e-10
99,2.8963187222753025e-10,0,2.8963187222753025e-10
100,2.922551267880185e-10,0,2.922551267880185e-10
101,2.9462057771873664e-10,0,2.9462057771873664e-10
102,2.962573931785089e-10,0,2.962573931785089e-10
103,2.9822205379102547e-10,0,2.9822205379102547e-10
104,3.0040878667623184e-10,0,3.0040878667623184e-10
105,3.0312499043932894e-10,0,3.0312499043932894e-10
106,3.0534163982930013e-10,0,3.0534163982930013e-10
107,3.078366687324191e-10,0,3.078366687324191e-10
108,3.104168351264999e-10,0,3.104168351264999e-10
109,3.139010679648264e-10,0,3.139010679648264e-10
110,3.174690226452048e-10,0,3.174690226452048e-10
111,3.205660671614586e-10,0,3.205660671614586e-10
112,3.229648612563106e-10,0,3.229648612563106e-10
113,3.264114126963235e-10,0,3.264114126963235e-10
114,3.300338625529258e-10,0,3.300338625529258e-10
115,3.3385189696865093e-10,0,3.3385189696865093e-10
116,3.368187052624714e-10,0,3.368187052624714e-10
117,3.396544669964256e-10,0,3.396544669964256e-10
118,3.431457243788221e-10,0,3.431457243788221e-10
119,3.4764025988617744e-10,0,3.4764025988617744e-10
120,3.522130002130438e-10,0,3.522130002130438e-10
121,3.580586125300982e-10,0,3.580586125300982e-10
122,3.6503141840581394e-10,0,3.6503141840581394e-10
123,3.7289504187285716e-10,0,3.7289504187285716e-10
124,3.810184172456206e-10,0,3.810184172456206e-10
125,3.8973532178035e-10,0,3.8973532178035e-10
126,3.983602473370342e-10,0,3.983602473370342e-10
127,4.0667564235002963e-10,0,4.0667564235002963e-10
128,4.1319826133055164e-10,0,4.1319826133055164e-10
129,4.196089047741011e-10,0,4.196089047741011e-10
130,4.2602076792314114e-10,0,4.2602076792314114e-10
131,4.326512495426168e-10,0,4.326512495426168e-10
132,4.3857808649231964e-10,0,4.3857808649231964e-10
133,4.44383095862939e-10,0,4.44383095862939e-10
134,4.494213439871765e-10,0,4.494213439871765e-10
135,4.549910495139878e-10,0,4.549910495139878e-10
136,4.5952956843437024e-10,0,4.5952956843437024e-10
137,4.6531956374738605e-10,0,4.6531956374738605e-10
138,4.703885495122316e-10,0,4.703885495122316e-10
139,4.758302931469857e-10,0,4.758302931469857e-10
140,4.806706141794359e-10,0,4.806706141794359e-10
141,4.868798471874511e-10,0,4.868798471874511e-10
142,4.928878013263977e-10,0,4.928878013263977e-10
143,5.010439605209672e-10,0,5.010439605209672e-10
144,5.075810164477506e-10,0,5.075810164477506e-10
145,5.159769154124744e-10,0,5.159769154124744e-10
146,5.244552565969796e-10,0,5.244552565969796e-10
147,5.347999718527301e-10,0,5.347999718527301e-10
148,5.448113028274967e-10,0,5.448113028274967e-10
149,5.565209157536424e-10,0,5.565209157536424e-10
150,5.670384625111147e-10,0,5.670384625111147e-10
151,5.804213788541288e-10,0,5.804213788541288e-10
152,5.936754360382743e-10,0,5.936754360382743e-10
153,6.101902170446867e-10,0,6.101902170446867e-10
154,6.254988296911431e-10,0,6.254988296911431e-10
155,6.403472634099181e-10,0,6.403472634099181e-10
156,6.536780229554648e-10,0,6.536780229554648e-10
157,6.683377535624682e-10,0,6.683377535624682e-10
158,6.807831000681906e-10,0,6.807831000681906e-10
159,6.940025174565104e-10,0,6.940025174565104e-10
160,7.039113488944261e-10,0,7.039113488944261e-10
161,7.162401625440208e-10,0,7.162401625440208e-10
162,7.289001463289481e-10,0,7.289001463289481e-10
163,7.443244337410399e-10,0,7.443244337410399e-10
164,7.59562886020486e-10,0,7.59562886020486e-10
165,7.770117556338998e-10,0,7.770117556338998e-10
166,7.940589638069652e-10,0,7.940589638069652e-10
167,8.129623244382482e-10,0,8.129623244382482e-10
168,8.316050282987746e-10,0,8.316050282987746e-10
169,8.545733474798193e-10,0,8.545733474798193e-10
170,8.795636502277796e-10,0,8.795636502277796e-10
171,9.059728297898131e-10,0,9.059728297898131e-10
172,9.323720228041378e-10,0,9.323720228041378e-10
173,9.624526309215874e-10,0,9.624526309215874e-10
174,9.931350826229733e-10,0,9.931350826229733e-10
175,1.025790818136518e-09,0,1.025790818136518e-09
176,1.0559549758429134e-09,0,1.0559549758429134e-09
177,1.090041822071488e-09,0,1.090041822071488e-09
178,1.1245571252097325e-09,0,1.1245571252097325e-09
179,1.1622409498399157e-09,0,1.1622409498399157e-09
180,1.202596918452354e-09,0,1.202596918452354e-09
181,1.2525401953994902e-09,0,1.2525401953994902e-09
182,1.3079739150973484e-09,0,1.3079739150973484e-09
183,1.3759155102981035e-09,0,1.3759155102981035e-09
184,1.446890538034806e-09,0,1.446890538034806e-09
185,1.532404103500124e-09,0,1.532404103500124e-09
186,1.6252006315553325e-09,0,1.6252006315553325e-09
187,1.7303593001919973e-09,0,1.7303593001919973e-09
188,1.8416427314806393e-09,0,1.8416427314806393e-09
189,1.9763511247318728e-09,0,1.9763511247318728e-09
190,2.125075959827068e-09,0,2.125075959827068e-09
191,2.291097258736823e-09,0,2.291097258736823e-09
192,2.4794687267084852e-09,0,2.4794687267084852e-09
193,2.727826630188466e-09,0,2.727826630188466e-09
194,3.0298590420513206e-09,0,3.0298590420513206e-09
195,3.3927354998774745e-09,0,3.3927354998774745e-09
196,3.809615269445348e-09,0,3.809615269445348e-09
197,4.352030217683656e-09,0,4.352030217683656e-09
198,5.056230968601381e-09,0,5.056230968601381e-09
199,6.002336134129012e-09,0,6.002336134129012e-09
200,7.10091877087588e-09,0,7.10091877087588e-09
201,8.230121129147575e-09,0,8.230121129147575e-09
202,9.169972040046745e-09,0,9.169972040046745e-09
203,1.003273969127569e-08,0,1.003273969127569e-08
204,1.066778525179531e-08,0,1.066778525179531e-08
205,1.0703804162150473e-08,0,1.0703804162150473e-08
206,1.0344919502883838e-08,0,1.0344919502883838e-08
207,9.800734428119409e-09,0,9.800734428119409e-09
208,9.40870421515047e-09,0,9.40870421515047e-09
209,9.95069189046009e-09,0,9.95069189046009e-09
210,1.1122579551878968e-08,0,1.1122579551878968e-08
211,1.2438487397987327e-08,0,1.2438487397987327e-08
212,1.482851822998549e-08,0,1.482851822998549e-08
213,1.799596391577238e-08,0,1.799596391577238e-08
214,2.2040293468791998e-08,0,2.2040293468791998e-08
215,2.769743527263495e-08,0,2.769743527263495e-08
216,3.370539883662081e-08,0,3.370539883662081e-08
217,3.983563109106252e-08,0,3.983563109106252e-08
218,4.8913077849372324e-08,0,4.8913077849372324e-08
219,5.8634302074531036e-08,0,5.8634302074531036e-08
220,7.56726863923152e-08,0,7.56726863923152e-08
221,1.06165481452948e-07,0,1.06165481452948e-07
222,1.611649590792894e-07,0,1.611649590792894e-07
223,2.499589163920628e-07,0,2.499589163920628e-07
224,4.197024399384314e-07,0,4.197024399384314e-07
225,7.552012933642725e-07,0,7.552012933642725e-07
226,1.4743482627852554e-06,0,1.4743482627852554e-06
227,2.878309159528163e-06,0,2.878309159528163e-06
228,5.619210144007339e-06,0,5.619210144007339e-06
