Temperature: 20 C
Humidity: 36 %
Date: 1970-01-01 00:00:00.000000
voltage,pad,gr,totalCurrent
26,8.396494635172028e-11,0,8.396494635172028e-11
27,8.474050527322301e-11,0,8.474050527322301e-11
28,8.524498346724129e-11,0,8.524498346724129e-11
29,8.575227662187901e-11,0,8.575227662187901e-11
30,8.59774075848786e-11,0,8.59774075848786e-11
31,8.621316280978328e-11,0,8.621316280978328e-11
32,8.669765578006086e-11,0,8.669765578006086e-11
33,8.72770078864009e-11,0,8.72770078864009e-11
34,8.77520623088464e-11,0,8.77520623088464e-11
35,8.798572793437437e-11,0,8.798572793437437e-11
36,8.82754381624196e-11,0,8.82754381624196e-11
37,8.925823766919774e-11,0,8.925823766919774e-11
38,9.047263089402592e-11,0,9.047263089402592e-11
39,9.165522955243606e-11,0,9.165522955243606e-11
40,9.286837604289e-11,0,9.286837604289e-11
41,9.405006671828986e-11,0,9.405006671828986e-11
42,9.522546233430444e-11,0,9.522546233430444e-11
43,9.64521821176691e-11,0,9.64521821176691e-11
44,9.740252453447545e-11,0,9.740252453447545e-11
45,9.832227966530772e-11,0,9.832227966530772e-11
46,9.935473472076368e-11,0,9.935473472076368e-11
47,1.0035703305974798e-10,0,1.0035703305974798e-10
48,1.012824438829976e-10,0,1.012824438829976e-10
49,1.0209839101174503e-10,0,1.0209839101174503e-10
50,1.029493921960978e-10,0,1.029493921960978e-10
51,1.0382390044880019e-10,0,1.0382390044880019e-10
52,1.0468491614381883e-10,0,1.0468491614381883e-10
53,1.0538076450226339e-10,0,1.0538076450226339e-10
54,1.0600113521695903e-10,0,1.0600113521695903e-10
55,1.0669472025682453e-10,0,1.0669472025682453e-10
56,1.0743034638362455e-10,0,1.0743034638362455e-10
57,1.0817912089475347e-10,0,1.0817912089475347e-10
58,1.0896804422630825e-10,0,1.0896804422630825e-10
59,1.096981440111974e-10,0,1.096981440111974e-10
60,1.1055736636380792e-10,0,1.1055736636380792e-10
61,1.1181548924657326e-10,0,1.1181548924657326e-10
62,1.1351761229284162e-10,0,1.1351761229284162e-10
63,1.1521755876291251e-10,0,1.1521755876291251e-10
64,1.169871396524679e-10,0,1.169871396524679e-10
65,1.1871297167599248e-10,0,1.1871297167599248e-10
66,1.207182147612318e-10,0,1.207182147612318e-10
67,1.2286331415782422e-10,0,1.2286331415782422e-10
68,1.2460166172090777e-10,0,1.2460166172090777e-10
69,1.2569045311472737e-10,0,1.2569045311472737e-10
70,1.2667076448067632e-10,0,1.2667076448067632e-10
71,1.27437734506725e-10,0,1.27437734506725e-10
72,1.2819104980776715e-10,0,1.2819104980776715e-10
73,1.2857502237832105e-10,0,1.2857502237832105e-10
74,1.2872616303293292e-10,0,1.2872616303293292e-10
75,1.293254045190366e-10,0,1.293254045190366e-10
76,1.3023850970711823e-10,0,1.3023850970711823e-10
77,1.312816773135056e-10,0,1.312816773135056e-10
78,1.32573447676701e-10,0,1.32573447676701e-10
79,1.3379563823259938e-10,0,1.3379563823259938e-10
80,1.3518485500124143e-10,0,1.3518485500124143e-10
81,1.3686561868486125e-10,0,1.3686561868486125e-10
82,1.382451154526105e-10,0,1.382451154526105e-10
83,1.3956831480685388e-10,0,1.3956831480685388e-10
84,1.411429391146582e-10,0,1.411429391146582e-10
85,1.4270304836166085e-10,0,1.4270304836166085e-10
86,1.442661455776553e-10,0,1.442661455776553e-10
87,1.456121174807757e-10,0,1.456121174807757e-10
88,1.4658773722695723e-10,0,1.4658773722695723e-10
89,1.474014833325138e-10,0,1.474014833325138e-10
90,1.483526013431398e-10,0,1.483526013431398e-10
91,1.4931084012593113e-10,0,1.4931084012593113e-10
92,1.504552216114572e-10,0,1.504552216114572e-10
93,1.5195634057517543e-10,0,1.5195634057517543e-10
94,1.5413474320748005e-10,0,1.5413474320748005e-10
95,1.5645633691179597e-10,0,1.5645633691179597e-10
96,1.591508378997977e-10,0,1.591508378997977e-10
97,1.6215360383154763e-10,0,1.6215360383154763e-10
98,1.653218982615294e-10,0,1.653218982615294e-10
99,1.6839671613229932e-10,0,1.6839671613229932e-10
100,1.714150080352217e-10,0,1.714150080352217e-10
101,1.739036757277106e-10,0,1.739036757277106e-10
102,1.764962867420054e-10,0,1.764962867420054e-10
103,1.7890387335226554e-10,0,1.7890387335226554e-10
104,1.8066938860732207e-10,0,1.8066938860732207e-10
105,1.8188269231094073e-10,0,1.8188269231094073e-10
106,1.8286225101520153e-10,0,1.8286225101520153e-10
107,1.8346154067789947e-10,0,1.8346154067789947e-10
108,1.8411049456172293e-10,0,1.8411049456172293e-10
109,1.8524965838188737e-10,0,1.8524965838188737e-10
110,1.8721423481236955e-10,0,1.8721423481236955e-10
111,1.897605242823532e-10,0,1.897605242823532e-10
112,1.9305233054259252e-10,0,1.9305233054259252e-10
113,1.965358459713381e-10,0,1.965358459713381e-10
114,2.0068990173967883e-10,0,2.0068990173967883e-10
115,2.0534393502333687e-10,0,2.0534393502333687e-10
116,2.101617299248908e-10,0,2.101617299248908e-10
117,2.143023981033207e-10,0,2.143023981033207e-10
118,2.1832799213445652e-10,0,2.1832799213445652e-10
119,2.2167439036353534e-10,0,2.2167439036353534e-10
120,2.247974506987758e-10,0,2.247974506987758e-10
121,2.2744349079369978e-10,0,2.2744349079369978e-10
122,2.3053693593800064e-10,0,2.3053693593800064e-10
123,2.3381925472629097e-10,0,2.3381925472629097e-10
124,2.3734106491927055e-10,0,2.3734106491927055e-10
125,2.409704173628192e-10,0,2.409704173628192e-10
126,2.4504884657164453e-10,0,2.4504884657164453e-10
127,2.496459713681888e-10,0,2.496459713681888e-10
128,2.551667675030773e-10,0,2.551667675030773e-10
129,2.6041306282840407e-10,0,2.6041306282840407e-10
130,2.6546683791642856e-10,0,2.6546683791642856e-10
131,2.7015912695467603e-10,0,2.7015912695467603e-10
132,2.7453859146722954e-10,0,2.7453859146722954e-10
133,2.7909566923441745e-10,0,2.7909566923441745e-10
134,2.8483582544424364e-10,0,2.8483582544424364e-10
135,2.904662413602907e-10,0,2.904662413602907e-10
136,2.9589395524395535e-10,0,2.9589395524395535e-10
137,3.014992206392815e-10,0,3.014992206392815e-10
138,3.07894132696713e-10,0,3.07894132696713e-10
139,3.155763871046919e-10,0,3.155763871046919e-10
140,3.237317103175424e-10,0,3.237317103175424e-10
141,3.3099843117338825e-10,0,3.3099843117338825e-10
142,3.393100577508486e-10,0,3.393100577508486e-10
143,3.483486421492493e-10,0,3.483486421492493e-10
144,3.5769711244411906e-10,0,3.5769711244411906e-10
145,3.675877440928894e-10,0,3.675877440928894e-10
146,3.7848170489961017e-10,0,3.7848170489961017e-10
147,3.905492052400143e-10,0,3.905492052400143e-10
148,4.0215191800534016e-10,0,4.0215191800534016e-10
149,4.1341245113889543e-10,0,4.1341245113889543e-10
150,4.2331735027822853e-10,0,4.2331735027822853e-10
151,4.3312369005964003e-10,0,4.3312369005964003e-10
152,4.4400756082304444e-10,0,4.4400756082304444e-10
153,4.545037390073583e-10,0,4.545037390073583e-10
154,4.643427252380629e-10,0,4.643427252380629e-10
155,4.768093098640161e-10,0,4.768093098640161e-10
156,4.889509014627179e-10,0,4.889509014627179e-10
157,5.030846689124375e-10,0,5.030846689124375e-10
158,5.185166275277086e-10,0,5.185166275277086e-10
159,5.329628872464081e-10,0,5.329628872464081e-10
160,5.465907972604848e-10,0,5.465907972604848e-10
161,5.624265366036189e-10,0,5.624265366036189e-10
162,5.79927061449591e-10,0,5.79927061449591e-10
163,6.001070927247498e-10,0,6.001070927247498e-10
164,6.207602899448699e-10,0,6.207602899448699e-10
165,6.426702062889721e-10,0,6.426702062889721e-10
166,6.677348364277832e-10,0,6.677348364277832e-10
167,6.977401804420089e-10,0,6.977401804420089e-10
168,7.298194721081254e-10,0,7.298194721081254e-10
169,7.696941872822096e-10,0,7.696941872822096e-10
170,8.177535756810484e-10,0,8.177535756810484e-10
171,8.684799642611815e-10,0,8.684799642611815e-10
172,9.231878275631812e-10,0,9.231878275631812e-10
173,9.780245796655635e-10,0,9.780245796655635e-10
174,1.032348593067283e-09,0,1.032348593067283e-09
175,1.0906715313596067e-09,0,1.0906715313596067e-09
176,1.158945656589367e-09,0,1.158945656589367e-09
177,1.225787380227098e-09,0,1.225787380227098e-09
178,1.3073708918971365e-09,0,1.3073708918971365e-09
179,1.4102614081316433e-09,0,1.4102614081316433e-09
180,1.551047831004155e-09,0,1.551047831004155e-09
181,1.706765751865901e-09,0,1.706765751865901e-09
182,1.924491790973019e-09,0,1.924491790973019e-09
183,2.131782933101754e-09,0,2.131782933101754e-09
184,2.361526302999765e-09,0,2.361526302999765e-09
185,2.620323960498939e-09,0,2.620323960498939e-09
186,2.8820944811737333e-09,0,2.8820944811737333e-09
187,3.156380682914565e-09,0,3.156380682914565e-09
188,3.4908223028106572e-09,0,3.4908223028106572e-09
189,3.810820105770101e-09,0,3.810820105770101e-09
190,4.301871716811006e-09,0,4.301871716811006e-09
191,4.940201456980185e-09,0,4.940201456980185e-09
192,5.7838058603419266e-09,0,5.7838058603419266e-09
193,6.9029397133565834e-09,0,6.9029397133565834e-09
194,8.465420670875446e-09,0,8.465420670875446e-09
195,1.0734274228275568e-08,0,1.0734274228275568e-08
196,1.4016369323094742e-08,0,1.4016369323094742e-08
197,1.8912778354888644e-08,0,1.8912778354888644e-08
198,2.7348950803611424e-08,0,2.7348950803611424e-08
199,4.2117825642353624e-08,0,4.2117825642353624e-08
200,7.040558895228405e-08,0,7.040558895228405e-08
201,1.2174031938798116e-07,0,1.2174031938798116e-07
202,2.1050490249083802e-07,0,2.1050490249083802e-07
203,3.6399005310982603e-07,0,3.6399005310982603e-07
