Temperature: 110 C
Humidity: 10 %
Date: 1970-01-01 00:00:00.000000
voltage,pad,gr,totalCurrent
26,1.7090272413455724e-08,0,1.7090272413455724e-08
27,1.7504463469321737e-08,0,1.7504463469321737e-08
28,1.776893692026346e-08,0,1.776893692026346e-08
29,1.8007921970021353e-08,0,1.8007921970021353e-08
30,1.8264133119153865e-08,0,1.8264133119153865e-08
31,1.852504719691496e-08,0,1.852504719691496e-08
32,1.8693920104321107e-08,0,1.8693920104321107e-08
33,1.8866134495755256e-08,0,1.8866134495755256e-08
34,1.9024367485746485e-08,0,1.9024367485746485e-08
35,1.9153894018808056e-08,0,1.9153894018808056e-08
36,1.9257071561405365e-08,0,1.9257071561405365e-08
37,1.932728983605483e-08,0,1.932728983605483e-08
38,1.9396784471854853e-08,0,1.9396784471854853e-08
39,1.9481346413811338e-08,0,1.9481346413811338e-08
40,1.955208193054806e-08,0,1.955208193054806e-08
41,1.9644566722803742e-08,0,1.9644566722803742e-08
42,1.9753401863085277e-08,0,1.9753401863085277e-08
43,1.9869929022448735e-08,0,1.9869929022448735e-08
44,1.9977183017867508e-08,0,1.9977183017867508e-08
45,2.0100304152019225e-08,0,2.0100304152019225e-08
46,2.0216702288210513e-08,0,2.0216702288210513e-08
47,2.0325024705158836e-08,0,2.0325024705158836e-08
48,2.0403953133806645e-08,0,2.0403953133806645e-08
49,2.0486989175290378e-08,0,2.0486989175290378e-08
50,2.0592870501018032e-08,0,2.0592870501018032e-08
51,2.071434976414726e-08,0,2.071434976414726e-08
52,2.0827693873127648e-08,0,2.0827693873127648e-08
53,2.0978732779983906e-08,0,2.0978732779983906e-08
54,2.115619424249581e-08,0,2.115619424249581e-08
55,2.1343989965604354e-08,0,2.1343989965604354e-08
56,2.150956304300867e-08,0,2.150956304300867e-08
57,2.1664404962198595e-08,0,2.1664404962198595e-08
58,2.1825225533558717e-08,0,2.1825225533558717e-08
59,2.1981953659773004e-08,0,2.1981953659773004e-08
60,2.2095488515236057e-08,0,2.2095488515236057e-08
61,2.220412377101898e-08,0,2.220412377101898e-08
62,2.2320227457455215e-08,0,2.2320227457455215e-08
63,2.2450762631810624e-08,0,2.2450762631810624e-08
64,2.2576731099011026e-08,0,2.2576731099011026e-08
65,2.2694259850704724e-08,0,2.2694259850704724e-08
66,2.281533112167506e-08,0,2.281533112167506e-08
67,2.2933447276303843e-08,0,2.2933447276303843e-08
68,2.302452733426095e-08,0,2.302452733426095e-08
69,2.3123838368846992e-08,0,2.3123838368846992e-08
70,2.323105002593731e-08,0,2.323105002593731e-08
71,2.3334377300260504e-08,0,2.3334377300260504e-08
72,2.3433661115681074e-08,0,2.3433661115681074e-08
73,2.3574227868791426e-08,0,2.3574227868791426e-08
74,2.3751728952325415e-08,0,2.3751728952325415e-08
75,2.394402298138092e-08,0,2.394402298138092e-08
76,2.4125579853078683e-08,0,2.4125579853078683e-08
77,2.432287670626237e-08,0,2.432287670626237e-08
78,2.455834999314954e-08,0,2.455834999314954e-08
79,2.4781079238427126e-08,0,2.4781079238427126e-08
80,2.4956019255039263e-08,0,2.4956019255039263e-08
81,2.5107123725092642e-08,0,2.5107123725092642e-08
82,2.525279293819007e-08,0,2.525279293819007e-08
83,2.5400701717684132e-08,0,2.5400701717684132e-08
84,2.5505584729712607e-08,0,2.5505584729712607e-08
85,2.5551833315631716e-08,0,2.5551833315631716e-08
86,2.5617284784915817e-08,0,2.5617284784915817e-08
87,2.569466548167807e-08,0,2.569466548167807e-08
88,2.576899768841575e-08,0,2.576899768841575e-08
89,2.5855323293410912e-08,0,2.5855323293410912e-08
90,2.5930518853486737e-08,0,2.5930518853486737e-08
91,2.6001878835935698e-08,0,2.6001878835935698e-08
92,2.6074494439343074e-08,0,2.6074494439343074e-08
93,2.6127970361299175e-08,0,2.6127970361299175e-08
94,2.6189548634376203e-08,0,2.6189548634376203e-08
95,2.62611601162151e-08,0,2.62611601162151e-08
96,2.632227195837134e-08,0,2.632227195837134e-08
97,2.642538899184336e-08,0,2.642538899184336e-08
98,2.656018235160454e-08,0,2.656018235160454e-08
99,2.6709061639746053e-08,0,2.6709061639746053e-08
100,2.6860073032382014e-08,0,2.6860073032382014e-08
101,2.7021638133894918e-08,0,2.7021638133894918e-08
102,2.7195220725410005e-08,0,2.7195220725410005e-08
103,2.7365351008567116e-08,0,2.7365351008567116e-08
104,2.7487881726766828e-08,0,2.7487881726766828e-08
105,2.7574908985923654e-08,0,2.7574908985923654e-08
106,2.7643994606304067e-08,0,2.7643994606304067e-08
107,2.7737119128374143e-08,0,2.7737119128374143e-08
108,2.780172669664329e-08,0,2.780172669664329e-08
109,2.783685276968232e-08,0,2.783685276968232e-08
110,2.791664647800102e-08,0,2.791664647800102e-08
111,2.8052269731989053e-08,0,2.8052269731989053e-08
112,2.8221222874081763e-08,0,2.8221222874081763e-08
113,2.841283543632879e-08,0,2.841283543632879e-08
114,2.860141501920628e-08,0,2.860141501920628e-08
115,2.882309669703747e-08,0,2.882309669703747e-08
116,2.9054502522637594e-08,0,2.9054502522637594e-08
117,2.9283746869835965e-08,0,2.9283746869835965e-08
118,2.94755500205114e-08,0,2.94755500205114e-08
119,2.9666817881600565e-08,0,2.9666817881600565e-08
120,2.985303296603775e-08,0,2.985303296603775e-08
121,3.0021193894486446e-08,0,3.0021193894486446e-08
122,3.015581503643736e-08,0,3.015581503643736e-08
123,3.028980931511489e-08,0,3.028980931511489e-08
124,3.037750153931183e-08,0,3.037750153931183e-08
125,3.0491348780284154e-08,0,3.0491348780284154e-08
126,3.063598187368676e-08,0,3.063598187368676e-08
127,3.0804122168672346e-08,0,3.0804122168672346e-08
128,3.1018788540894236e-08,0,3.1018788540894236e-08
129,3.1294680630397164e-08,0,3.1294680630397164e-08
130,3.162895745192889e-08,0,3.162895745192889e-08
131,3.199342039968677e-08,0,3.199342039968677e-08
132,3.2330048892253715e-08,0,3.2330048892253715e-08
133,3.268693926915107e-08,0,3.268693926915107e-08
134,3.3028725176609995e-08,0,3.3028725176609995e-08
135,3.3344966164141864e-08,0,3.3344966164141864e-08
136,3.362404451290513e-08,0,3.362404451290513e-08
137,3.3868661291157323e-08,0,3.3868661291157323e-08
138,3.4135140479886085e-08,0,3.4135140479886085e-08
139,3.4440036149488564e-08,0,3.4440036149488564e-08
140,3.46908940237556e-08,0,3.46908940237556e-08
141,3.495156028376852e-08,0,3.495156028376852e-08
142,3.52283389398961e-08,0,3.52283389398961e-08
143,3.5501656931216196e-08,0,3.5501656931216196e-08
144,3.5753063094226406e-08,0,3.5753063094226406e-08
145,3.598091763331228e-08,0,3.598091763331228e-08
146,3.617497672330105e-08,0,3.617497672330105e-08
147,3.636385346181006e-08,0,3.636385346181006e-08
148,3.65275981716122e-08,0,3.65275981716122e-08
149,3.66624816803118e-08,0,3.66624816803118e-08
150,3.677835402571199e-08,0,3.677835402571199e-08
151,3.6887666246928744e-08,0,3.6887666246928744e-08
152,3.6992997737339e-08,0,3.6992997737339e-08
153,3.712866217881064e-08,0,3.712866217881064e-08
154,3.7260528292439575e-08,0,3.7260528292439575e-08
155,3.745910329011843e-08,0,3.745910329011843e-08
156,3.7677430372596306e-08,0,3.7677430372596306e-08
157,3.7910930027426356e-08,0,3.7910930027426356e-08
158,3.818560211025209e-08,0,3.818560211025209e-08
159,3.843541536939141e-08,0,3.843541536939141e-08
160,3.863410058022493e-08,0,3.863410058022493e-08
161,3.8832320561933366e-08,0,3.8832320561933366e-08
162,3.900358325496234e-08,0,3.900358325496234e-08
163,3.920770223969927e-08,0,3.920770223969927e-08
164,3.94057066683168e-08,0,3.94057066683168e-08
165,3.961358284094055e-08,0,3.961358284094055e-08
166,3.988311494163094e-08,0,3.988311494163094e-08
167,4.016700387446153e-08,0,4.016700387446153e-08
168,4.0432176764359485e-08,0,4.0432176764359485e-08
169,4.069892151859972e-08,0,4.069892151859972e-08
170,4.09661666431005e-08,0,4.09661666431005e-08
171,4.129424681817994e-08,0,4.129424681817994e-08
172,4.163075906115977e-08,0,4.163075906115977e-08
173,4.193721650956453e-08,0,4.193721650956453e-08
174,4.226550858422733e-08,0,4.226550858422733e-08
175,4.265253041465453e-08,0,4.265253041465453e-08
176,4.3065928573135626e-08,0,4.3065928573135626e-08
177,4.350534852046309e-08,0,4.350534852046309e-08
178,4.396691672963765e-08,0,4.396691672963765e-08
179,4.443094269508286e-08,0,4.443094269508286e-08
180,4.494647693171383e-08,0,4.494647693171383e-08
181,4.552009135705047e-08,0,4.552009135705047e-08
182,4.6080075670536884e-08,0,4.6080075670536884e-08
183,4.661725280996798e-08,0,4.661725280996798e-08
184,4.7100561541714934e-08,0,4.7100561541714934e-08
185,4.750352792695339e-08,0,4.750352792695339e-08
186,4.790983666387201e-08,0,4.790983666387201e-08
187,4.83054045630236e-08,0,4.83054045630236e-08
188,4.865431822155259e-08,0,4.865431822155259e-08
189,4.899138794337886e-08,0,4.899138794337886e-08
190,4.9274333006832934e-08,0,4.9274333006832934e-08
191,4.958895760939563e-08,0,4.958895760939563e-08
192,4.994346833422934e-08,0,4.994346833422934e-08
193,5.0228603003506176e-08,0,5.0228603003506176e-08
194,5.048459254107596e-08,0,5.048459254107596e-08
195,5.077716497621144e-08,0,5.077716497621144e-08
196,5.1124675190493655e-08,0,5.1124675190493655e-08
197,5.151448011646703e-08,0,5.151448011646703e-08
198,5.1881275301925865e-08,0,5.1881275301925865e-08
199,5.22288864590009e-08,0,5.22288864590009e-08
200,5.2623643720680874e-08,0,5.2623643720680874e-08
201,5.309420367773138e-08,0,5.309420367773138e-08
202,5.3517120344064585e-08,0,5.3517120344064585e-08
203,5.3938786156516524e-08,0,5.3938786156516524e-08
204,5.43308358815396e-08,0,5.43308358815396e-08
205,5.489616517499313e-08,0,5.489616517499313e-08
206,5.555624145560174e-08,0,5.555624145560174e-08
207,5.624580310456629e-08,0,5.624580310456629e-08
208,5.6869820676604003e-08,0,5.6869820676604003e-08
209,5.7562475849572966e-08,0,5.7562475849572966e-08
210,5.8205191108016436e-08,0,5.8205191108016436e-08
211,5.887233880016476e-08,0,5.887233880016476e-08
212,5.940157892264406e-08,0,5.940157892264406e-08
213,5.988933241572116e-08,0,5.988933241572116e-08
214,6.042094790188016e-08,0,6.042094790188016e-08
215,6.112429665440994e-08,0,6.112429665440994e-08
216,6.186292825957712e-08,0,6.186292825957712e-08
217,6.27404771480325e-08,0,6.27404771480325e-08
218,6.390998197603567e-08,0,6.390998197603567e-08
219,6.519570679867417e-08,0,6.519570679867417e-08
220,6.655236748664656e-08,0,6.655236748664656e-08
221,6.802944292807569e-08,0,6.802944292807569e-08
222,6.944560470786229e-08,0,6.944560470786229e-08
223,7.078399247435561e-08,0,7.078399247435561e-08
224,7.199908618839953e-08,0,7.199908618839953e-08
225,7.289345601205777e-08,0,7.289345601205777e-08
226,7.359454214480924e-08,0,7.359454214480924e-08
227,7.421480505454166e-08,0,7.421480505454166e-08
228,7.482608128700691e-08,0,7.482608128700691e-08
229,7.568440234641699e-08,0,7.568440234641699e-08
230,7.654517292831672e-08,0,7.654517292831672e-08
231,7.755764181675423e-08,0,7.755764181675423e-08
232,7.875807101965933e-08,0,7.875807101965933e-08
233,8.034294699992906e-08,0,8.034294699992906e-08
234,8.224285730699272e-08,0,8.224285730699272e-08
235,8.396125883286883e-08,0,8.396125883286883e-08
236,8.538549227432101e-08,0,8.538549227432101e-08
237,8.699229362927541e-08,0,8.699229362927541e-08
238,8.883343390982741e-08,0,8.883343390982741e-08
239,9.069690921199339e-08,0,9.069690921199339e-08
240,9.244618145059352e-08,0,9.244618145059352e-08
241,9.396130242185164e-08,0,9.396130242185164e-08
242,9.550702232175711e-08,0,9.550702232175711e-08
243,9.691416377737355e-08,0,9.691416377737355e-08
244,9.821147365194719e-08,0,9.821147365194719e-08
245,9.918524863375047e-08,0,9.918524863375047e-08
246,1.0029006122113528e-07,0,1.0029006122113528e-07
247,1.0156206210581668e-07,0,1.0156206210581668e-07
248,1.0276722950996941e-07,0,1.0276722950996941e-07
249,1.0453835583310427e-07,0,1.0453835583310427e-07
250,1.066039704623706e-07,0,1.066039704623706e-07
251,1.0886400507976768e-07,0,1.0886400507976768e-07
252,1.1110496114883091e-07,0,1.1110496114883091e-07
253,1.1395005385161643e-07,0,1.1395005385161643e-07
254,1.1661216291926247e-07,0,1.1661216291926247e-07
255,1.1969430891931807e-07,0,1.1969430891931807e-07
256,1.230562358129508e-07,0,1.230562358129508e-07
257,1.274226239025749e-07,0,1.274226239025749e-07
258,1.3163833526225768e-07,0,1.3163833526225768e-07
259,1.3613918150785114e-07,0,1.3613918150785114e-07
260,1.3962318556966265e-07,0,1.3962318556966265e-07
261,1.4283597654731652e-07,0,1.4283597654731652e-07
262,1.4658387454509392e-07,0,1.4658387454509392e-07
263,1.5002468367204876e-07,0,1.5002468367204876e-07
264,1.5281129781589138e-07,0,1.5281129781589138e-07
265,1.5609138183449225e-07,0,1.5609138183449225e-07
266,1.5958583731881134e-07,0,1.5958583731881134e-07
267,1.6390761559200516e-07,0,1.6390761559200516e-07
268,1.7013006907647727e-07,0,1.7013006907647727e-07
269,1.7549918059148606e-07,0,1.7549918059148606e-07
270,1.8119801618457283e-07,0,1.8119801618457283e-07
271,1.8612714805853854e-07,0,1.8612714805853854e-07
272,1.9067256963181866e-07,0,1.9067256963181866e-07
273,1.952130051389363e-07,0,1.952130051389363e-07
274,2.0045998906515287e-07,0,2.0045998906515287e-07
275,2.038265929816149e-07,0,2.038265929816149e-07
276,2.078696022779148e-07,0,2.078696022779148e-07
277,2.1163117502473892e-07,0,2.1163117502473892e-07
278,2.1614154650627778e-07,0,2.1614154650627778e-07
279,2.2365512657182388e-07,0,2.2365512657182388e-07
280,2.3345704163325953e-07,0,2.3345704163325953e-07
281,2.420124453460713e-07,0,2.420124453460713e-07
282,2.552015100090698e-07,0,2.552015100090698e-07
283,2.683967284821261e-07,0,2.683967284821261e-07
284,2.8117549630988145e-07,0,2.8117549630988145e-07
285,2.9329728609406975e-07,0,2.9329728609406975e-07
286,3.018851214457871e-07,0,3.018851214457871e-07
287,3.100421542758117e-07,0,3.100421542758117e-07
288,3.221931072850558e-07,0,3.221931072850558e-07
289,3.3088397290554383e-07,0,3.3088397290554383e-07
290,3.425077106597012e-07,0,3.425077106597012e-07
291,3.596484247008894e-07,0,3.596484247008894e-07
292,3.839854984379767e-07,0,3.839854984379767e-07
293,4.1448415660397073e-07,0,4.1448415660397073e-07
294,4.5023429017878253e-07,0,4.5023429017878253e-07
295,4.830413168431195e-07,0,4.830413168431195e-07
296,5.189922189768411e-07,0,5.189922189768411e-07
297,5.588783860815125e-07,0,5.588783860815125e-07
298,6.018292684681154e-07,0,6.018292684681154e-07
299,6.480817206107025e-07,0,6.480817206107025e-07
