Temperature: -30 C
Humidity: 10 %
Date: 1970-01-01 00:00:00.000000
voltage,pad,gr,totalCurrent
26,5.145602949429678e-12,0,5.145602949429678e-12
27,5.221558408299984e-12,0,5.221558408299984e-12
28,5.288556804273325e-12,0,5.288556804273325e-12
29,5.3525464851708596e-12,0,5.3525464851708596e-12
30,5.453415481750404e-12,0,5.453415481750404e-12
31,5.584588241003032e-12,0,5.584588241003032e-12
32,5.6855710833121516e-12,0,5.6855710833121516e-12
33,5.792677783668265e-12,0,5.792677783668265e-12
34,5.912334992817176e-12,0,5.912334992817176e-12
35,6.02862297619264e-12,0,6.02862297619264e-12
36,6.153113482888322e-12,0,6.153113482888322e-12
37,6.2385822751184726e-12,0,6.2385822751184726e-12
38,6.284120096821472e-12,0,6.284120096821472e-12
39,6.307789135156039e-12,0,6.307789135156039e-12
40,6.32862825062598e-12,0,6.32862825062598e-12
41,6.37490734470784e-12,0,6.37490734470784e-12
42,6.445343433372064e-12,0,6.445343433372064e-12
43,6.530137602140172e-12,0,6.530137602140172e-12
44,6.6359810338761916e-12,0,6.6359810338761916e-12
45,6.7723441776721656e-12,0,6.7723441776721656e-12
46,6.940375696842394e-12,0,6.940375696842394e-12
47,7.131578281148143e-12,0,7.131578281148143e-12
48,7.284169242617172e-12,0,7.284169242617172e-12
49,7.410138355822696e-12,0,7.410138355822696e-12
50,7.52556706462333e-12,0,7.52556706462333e-12
51,7.632730691380595e-12,0,7.632730691380595e-12
52,7.717708394295614e-12,0,7.717708394295614e-12
53,7.777133420657677e-12,0,7.777133420657677e-12
54,7.811038499402031e-12,0,7.811038499402031e-12
55,7.845091390238896e-12,0,7.845091390238896e-12
56,7.883273264114316e-12,0,7.883273264114316e-12
57,7.931527640528312e-12,0,7.931527640528312e-12
58,8.004700883837609e-12,0,8.004700883837609e-12
59,8.113483252655543e-12,0,8.113483252655543e-12
60,8.241985335306756e-12,0,8.241985335306756e-12
61,8.39605213485323e-12,0,8.39605213485323e-12
62,8.564463388267978e-12,0,8.564463388267978e-12
63,8.742470552977567e-12,0,8.742470552977567e-12
64,8.902803478258234e-12,0,8.902803478258234e-12
65,9.036521406772842e-12,0,9.036521406772842e-12
66,9.155264073191094e-12,0,9.155264073191094e-12
67,9.275383741206605e-12,0,9.275383741206605e-12
68,9.403829546893491e-12,0,9.403829546893491e-12
69,9.57471446948514e-12,0,9.57471446948514e-12
70,9.796775255069576e-12,0,9.796775255069576e-12
71,1.0047434140891834e-11,0,1.0047434140891834e-11
72,1.0308557527263978e-11,0,1.0308557527263978e-11
73,1.055516815708157e-11,0,1.055516815708157e-11
74,1.077613624754628e-11,0,1.077613624754628e-11
75,1.0963071611974776e-11,0,1.0963071611974776e-11
76,1.1105251843336466e-11,0,1.1105251843336466e-11
77,1.1183537954902556e-11,0,1.1183537954902556e-11
78,1.1234785004808825e-11,0,1.1234785004808825e-11
79,1.1277051116702118e-11,0,1.1277051116702118e-11
80,1.1332608144694684e-11,0,1.1332608144694684e-11
81,1.1433718213870903e-11,0,1.1433718213870903e-11
82,1.1593656490287075e-11,0,1.1593656490287075e-11
83,1.1793374974361967e-11,0,1.1793374974361967e-11
84,1.2029270640276461e-11,0,1.2029270640276461e-11
85,1.2298208244767697e-11,0,1.2298208244767697e-11
86,1.2593744458094496e-11,0,1.2593744458094496e-11
87,1.2912818356021977e-11,0,1.2912818356021977e-11
88,1.3232535458081526e-11,0,1.3232535458081526e-11
89,1.3539281302600815e-11,0,1.3539281302600815e-11
90,1.3842342869850266e-11,0,1.3842342869850266e-11
91,1.4184856647768842e-11,0,1.4184856647768842e-11
92,1.454874675772761e-11,0,1.454874675772761e-11
93,1.493311697041461e-11,0,1.493311697041461e-11
94,1.5306720920341218e-11,0,1.5306720920341218e-11
95,1.5649963209297213e-11,0,1.5649963209297213e-11
96,1.5977658903192185e-11,0,1.5977658903192185e-11
97,1.631425812321316e-11,0,1.631425812321316e-11
98,1.671371551232997e-11,0,1.671371551232997e-11
99,1.71478257085926e-11,0,1.71478257085926e-11
100,1.7613814735885204e-11,0,1.7613814735885204e-11
101,1.812053774040051e-11,0,1.812053774040051e-11
102,1.871147734006624e-11,0,1.871147734006624e-11
103,1.943244685784e-11,0,1.943244685784e-11
104,2.0222896225716593e-11,0,2.0222896225716593e-11
105,2.1051645908653015e-11,0,2.1051645908653015e-11
106,2.2016905145069426e-11,0,2.2016905145069426e-11
107,2.3126148883852835e-11,0,2.3126148883852835e-11
108,2.437281377338721e-11,0,2.437281377338721e-11
109,2.5832112283118253e-11,0,2.5832112283118253e-11
110,2.7488243895672066e-11,0,2.7488243895672066e-11
111,2.937484721702393e-11,0,2.937484721702393e-11
112,3.150128057813368e-11,0,3.150128057813368e-11
113,3.397171244075913e-11,0,3.397171244075913e-11
114,3.687576084130075e-11,0,3.687576084130075e-11
115,4.0386256274428955e-11,0,4.0386256274428955e-11
116,4.452406993768805e-11,0,4.452406993768805e-11
117,4.960790864620915e-11,0,4.960790864620915e-11
118,5.609464376688699e-11,0,5.609464376688699e-11
119,6.404119495295558e-11,0,6.404119495295558e-11
120,7.359623904261875e-11,0,7.359623904261875e-11
121,8.549956803950128e-11,0,8.549956803950128e-11
122,1.01125767716206e-10,0,1.01125767716206e-10
123,1.21084323900347e-10,0,1.21084323900347e-10
124,1.4178472589537843e-10,0,1.4178472589537843e-10
125,1.5939111316774434e-10,0,1.5939111316774434e-10
126,1.682625376305381e-10,0,1.682625376305381e-10
127,1.7356680423464474e-10,0,1.7356680423464474e-10
128,1.7397701174515898e-10,0,1.7397701174515898e-10
129,1.6859318653703003e-10,0,1.6859318653703003e-10
130,1.5948774508021764e-10,0,1.5948774508021764e-10
131,1.508737422741127e-10,0,1.508737422741127e-10
132,1.4441511673603886e-10,0,1.4441511673603886e-10
133,1.4399711980876643e-10,0,1.4399711980876643e-10
134,1.468003415555686e-10,0,1.468003415555686e-10
135,1.5228403682424592e-10,0,1.5228403682424592e-10
136,1.617357541417798e-10,0,1.617357541417798e-10
137,1.7640058264541583e-10,0,1.7640058264541583e-10
138,2.055464970875683e-10,0,2.055464970875683e-10
139,2.431897801571361e-10,0,2.431897801571361e-10
140,2.9134523588013e-10,0,2.9134523588013e-10
141,3.5106401418414465e-10,0,3.5106401418414465e-10
142,4.463214020847183e-10,0,4.463214020847183e-10
143,5.707925678418933e-10,0,5.707925678418933e-10
144,7.58584438044309e-10,0,7.58584438044309e-10
145,1.032056197795573e-09,0,1.032056197795573e-09
146,1.524640519488984e-09,0,1.524640519488984e-09
147,2.4071074430540664e-09,0,2.4071074430540664e-09
148,4.283537358340624e-09,0,4.283537358340624e-09
149,7.747440488219571e-09,0,7.747440488219571e-09
150,1.401241480867645e-08,0,1.401241480867645e-08
151,2.5343621578340114e-08,0,2.5343621578340114e-08
