Temperature: -20 C
Humidity: 10 %
Date: 1970-01-01 00:00:00.000000
voltage,pad,gr,totalCurrent
0,3.170948815788512e-12,0,3.170948815788512e-12
1,2.3381720094529323e-12,0,2.3381720094529323e-12
2,1.7241010997720844e-12,0,1.7241010997720844e-12
3,1.271305583011016e-12,0,1.271305583011016e-12
4,9.307518826341409e-13,0,9.307518826341409e-13
5,7.7121177645138e-13,0,7.7121177645138e-13
6,7.390524004630179e-13,0,7.390524004630179e-13
7,7.380647166448358e-13,0,7.380647166448358e-13
8,7.468343047514647e-13,0,7.468343047514647e-13
9,7.528707567596753e-13,0,7.528707567596753e-13
10,7.609050914571406e-13,0,7.609050914571406e-13
11,8.229325970661179e-13,0,8.229325970661179e-13
12,9.369736361569807e-13,0,9.369736361569807e-13
13,1.1069729307626983e-12,0,1.1069729307626983e-12
14,1.3045174876658305e-12,0,1.3045174876658305e-12
15,1.5367511477110173e-12,0,1.5367511477110173e-12
16,1.8064915626297464e-12,0,1.8064915626297464e-12
17,2.1031592665004414e-12,0,2.1031592665004414e-12
18,2.312244201565745e-12,0,2.312244201565745e-12
19,2.4067427500430403e-12,0,2.4067427500430403e-12
20,2.414227361832051e-12,0,2.414227361832051e-12
21,2.4696713302292544e-12,0,2.4696713302292544e-12
22,2.626153495639629e-12,0,2.626153495639629e-12
23,2.878799041969013e-12,0,2.878799041969013e-12
24,3.2316066083123443e-12,0,3.2316066083123443e-12
25,3.6522705594939344e-12,0,3.6522705594939344e-12
26,4.169663183770164e-12,0,4.169663183770164e-12
27,4.712352835273766e-12,0,4.712352835273766e-12
28,5.083116082793791e-12,0,5.083116082793791e-12
29,5.202353688052804e-12,0,5.202353688052804e-12
30,5.1648703635741665e-12,0,5.1648703635741665e-12
31,5.247778205039177e-12,0,5.247778205039177e-12
32,5.383926578657996e-12,0,5.383926578657996e-12
33,5.592773847366324e-12,0,5.592773847366324e-12
34,5.928625083186758e-12,0,5.928625083186758e-12
35,6.328127973442966e-12,0,6.328127973442966e-12
36,6.76160061339826e-12,0,6.76160061339826e-12
37,7.151714543253529e-12,0,7.151714543253529e-12
38,7.269069238054922e-12,0,7.269069238054922e-12
39,7.387944048526551e-12,0,7.387944048526551e-12
40,7.533123015723589e-12,0,7.533123015723589e-12
41,7.603789450316251e-12,0,7.603789450316251e-12
42,7.675118789917582e-12,0,7.675118789917582e-12
43,7.844677949202842e-12,0,7.844677949202842e-12
44,8.099882835624459e-12,0,8.099882835624459e-12
45,8.326630329178027e-12,0,8.326630329178027e-12
46,8.477642691407588e-12,0,8.477642691407588e-12
47,8.681577225902681e-12,0,8.681577225902681e-12
48,9.013453131921956e-12,0,9.013453131921956e-12
49,9.469310543900692e-12,0,9.469310543900692e-12
50,9.824523089511082e-12,0,9.824523089511082e-12
51,9.848585755837394e-12,0,9.848585755837394e-12
52,9.603604639873236e-12,0,9.603604639873236e-12
53,9.364737932266088e-12,0,9.364737932266088e-12
54,9.170314366779048e-12,0,9.170314366779048e-12
55,8.867313299795114e-12,0,8.867313299795114e-12
56,8.502009005971665e-12,0,8.502009005971665e-12
57,8.124465661226703e-12,0,8.124465661226703e-12
58,8.119329179484375e-12,0,8.119329179484375e-12
59,8.377764112777032e-12,0,8.377764112777032e-12
60,8.669156380874513e-12,0,8.669156380874513e-12
61,8.857952271315358e-12,0,8.857952271315358e-12
62,9.091156159449811e-12,0,9.091156159449811e-12
63,9.299285741445284e-12,0,9.299285741445284e-12
64,9.562149608917227e-12,0,9.562149608917227e-12
65,9.93141625168966e-12,0,9.93141625168966e-12
66,1.031573586855211e-11,0,1.031573586855211e-11
67,1.061900795706871e-11,0,1.061900795706871e-11
68,1.0852459729932734e-11,0,1.0852459729932734e-11
69,1.1325468268203672e-11,0,1.1325468268203672e-11
70,1.2051056527750821e-11,0,1.2051056527750821e-11
71,1.2798937540111944e-11,0,1.2798937540111944e-11
72,1.3128340702632317e-11,0,1.3128340702632317e-11
73,1.3415603266752421e-11,0,1.3415603266752421e-11
74,1.3845595690947306e-11,0,1.3845595690947306e-11
75,1.4292068873554887e-11,0,1.4292068873554887e-11
76,1.463895843281849e-11,0,1.463895843281849e-11
77,1.4996737177600647e-11,0,1.4996737177600647e-11
78,1.5398724222146817e-11,0,1.5398724222146817e-11
79,1.6232282804633146e-11,0,1.6232282804633146e-11
80,1.7228862278887896e-11,0,1.7228862278887896e-11
81,1.8601029094272267e-11,0,1.8601029094272267e-11
82,2.0078731968258655e-11,0,2.0078731968258655e-11
83,2.1231775473275912e-11,0,2.1231775473275912e-11
84,2.1639158304853768e-11,0,2.1639158304853768e-11
85,2.2003613656657006e-11,0,2.2003613656657006e-11
86,2.2173378528388856e-11,0,2.2173378528388856e-11
87,2.2275327436797178e-11,0,2.2275327436797178e-11
88,2.1867393494215884e-11,0,2.1867393494215884e-11
89,2.1466930153446488e-11,0,2.1466930153446488e-11
90,2.1552043966909686e-11,0,2.1552043966909686e-11
91,2.2287853134133213e-11,0,2.2287853134133213e-11
92,2.3214476572459053e-11,0,2.3214476572459053e-11
93,2.5700731706037493e-11,0,2.5700731706037493e-11
94,2.9646499338229517e-11,0,2.9646499338229517e-11
95,3.482278018905681e-11,0,3.482278018905681e-11
96,4.253748235181211e-11,0,4.253748235181211e-11
97,5.225240325535459e-11,0,5.225240325535459e-11
98,6.436305731033914e-11,0,6.436305731033914e-11
99,8.217119097420817e-11,0,8.217119097420817e-11
100,1.0584250515126892e-10,0,1.0584250515126892e-10
101,1.3347343001750263e-10,0,1.3347343001750263e-10
102,1.664664921513834e-10,0,1.664664921513834e-10
103,1.9963676173905347e-10,0,1.9963676173905347e-10
104,2.388268931704142e-10,0,2.388268931704142e-10
105,2.8823792929621355e-10,0,2.8823792929621355e-10
106,3.253530263387908e-10,0,3.253530263387908e-10
107,3.2653830602201793e-10,0,3.2653830602201793e-10
108,3.0649439638858233e-10,0,3.0649439638858233e-10
109,2.852307741234367e-10,0,2.852307741234367e-10
110,2.6544235544165955e-10,0,2.6544235544165955e-10
111,2.4606257832357414e-10,0,2.4606257832357414e-10
112,2.2547920697982586e-10,0,2.2547920697982586e-10
113,2.1417255458107436e-10,0,2.1417255458107436e-10
114,2.2257382953858644e-10,0,2.2257382953858644e-10
115,2.4671345803523545e-10,0,2.4671345803523545e-10
116,2.7522973899075437e-10,0,2.7522973899075437e-10
117,3.248055059359815e-10,0,3.248055059359815e-10
118,4.1097581113380376e-10,0,4.1097581113380376e-10
119,5.159089373647551e-10,0,5.159089373647551e-10
120,6.923403343751534e-10,0,6.923403343751534e-10
121,9.649264457731162e-10,0,9.649264457731162e-10
122,1.473988939047412e-09,0,1.473988939047412e-09
123,2.355249573917031e-09,0,2.355249573917031e-09
124,3.5575755906633484e-09,0,3.5575755906633484e-09
125,4.811151903774738e-09,0,4.811151903774738e-09
126,6.3225581144116456e-09,0,6.3225581144116456e-09
127,7.679856202392716e-09,0,7.679856202392716e-09
128,9.005183542279032e-09,0,9.005183542279032e-09
129,9.515063139521128e-09,0,9.515063139521128e-09
130,9.732042624275984e-09,0,9.732042624275984e-09
131,9.953970063249758e-09,0,9.953970063249758e-09
132,8.793222523442386e-09,0,8.793222523442386e-09
133,7.110483730224077e-09,0,7.110483730224077e-09
134,5.507389801731825e-09,0,5.507389801731825e-09
135,4.0667832143582644e-09,0,4.0667832143582644e-09
136,2.9881267634096783e-09,0,2.9881267634096783e-09
137,2.1888387853581245e-09,0,2.1888387853581245e-09
138,1.711039969678688e-09,0,1.711039969678688e-09
139,1.6633640845819332e-09,0,1.6633640845819332e-09
140,1.8287590423137748e-09,0,1.8287590423137748e-09
141,2.258548306678696e-09,0,2.258548306678696e-09
142,2.9557509582183626e-09,0,2.9557509582183626e-09
143,4.056196733076863e-09,0,4.056196733076863e-09
144,5.5663580250353615e-09,0,5.5663580250353615e-09
145,7.63875020441306e-09,0,7.63875020441306e-09
