Temperature: 20 C
Humidity: 12 %
Date: 1970-01-01 00:00:00.000000
voltage,pad,gr,totalCurrent
26,7.243558517808918e-11,0,7.243558517808918e-11
27,7.402868321074963e-11,0,7.402868321074963e-11
28,7.48678281278035e-11,0,7.48678281278035e-11
29,7.582913160196713e-11,0,7.582913160196713e-11
30,7.658871978927703e-11,0,7.658871978927703e-11
31,7.72374404229475e-11,0,7.72374404229475e-11
32,7.783882130945168e-11,0,7.783882130945168e-11
33,7.859972528570022e-11,0,7.859972528570022e-11
34,7.916771792472425e-11,0,7.916771792472425e-11
35,7.982846593528898e-11,0,7.982846593528898e-11
36,8.055520318490341e-11,0,8.055520318490341e-11
37,8.16307506751359e-11,0,8.16307506751359e-11
38,8.289376796733202e-11,0,8.289376796733202e-11
39,8.431174180395308e-11,0,8.431174180395308e-11
40,8.563955618520711e-11,0,8.563955618520711e-11
41,8.70811669193571e-11,0,8.70811669193571e-11
42,8.848406819330502e-11,0,8.848406819330502e-11
43,8.962118828966256e-11,0,8.962118828966256e-11
44,9.038942631292036e-11,0,9.038942631292036e-11
45,9.094570544885665e-11,0,9.094570544885665e-11
46,9.14039905109885e-11,0,9.14039905109885e-11
47,9.188919890331714e-11,0,9.188919890331714e-11
48,9.231026872764593e-11,0,9.231026872764593e-11
49,9.302594443281516e-11,0,9.302594443281516e-11
50,9.376878661674995e-11,0,9.376878661674995e-11
51,9.477381981365815e-11,0,9.477381981365815e-11
52,9.587611639221379e-11,0,9.587611639221379e-11
53,9.682971288473394e-11,0,9.682971288473394e-11
54,9.781233770190993e-11,0,9.781233770190993e-11
55,9.871991955379838e-11,0,9.871991955379838e-11
56,9.925747644851827e-11,0,9.925747644851827e-11
57,1.0019848796577298e-10,0,1.0019848796577298e-10
58,1.0097509880525367e-10,0,1.0097509880525367e-10
59,1.0170567806980433e-10,0,1.0170567806980433e-10
60,1.0256173863922331e-10,0,1.0256173863922331e-10
61,1.0341501222923519e-10,0,1.0341501222923519e-10
62,1.0430813400563664e-10,0,1.0430813400563664e-10
63,1.0526743588991044e-10,0,1.0526743588991044e-10
64,1.0582949035991006e-10,0,1.0582949035991006e-10
65,1.0684594610026478e-10,0,1.0684594610026478e-10
66,1.0803122700404224e-10,0,1.0803122700404224e-10
67,1.0941738767837225e-10,0,1.0941738767837225e-10
68,1.1081500730128156e-10,0,1.1081500730128156e-10
69,1.1246336802471146e-10,0,1.1246336802471146e-10
70,1.1407961877748926e-10,0,1.1407961877748926e-10
71,1.1596279032840208e-10,0,1.1596279032840208e-10
72,1.1726645941959825e-10,0,1.1726645941959825e-10
73,1.1840628306444806e-10,0,1.1840628306444806e-10
74,1.1926402873419459e-10,0,1.1926402873419459e-10
75,1.2007550504853353e-10,0,1.2007550504853353e-10
76,1.206058701429382e-10,0,1.206058701429382e-10
77,1.2155426528224492e-10,0,1.2155426528224492e-10
78,1.2225132379218902e-10,0,1.2225132379218902e-10
79,1.2309826238283755e-10,0,1.2309826238283755e-10
80,1.23966856238386e-10,0,1.23966856238386e-10
81,1.2503554766018064e-10,0,1.2503554766018064e-10
82,1.2610763654718925e-10,0,1.2610763654718925e-10
83,1.2751247438751646e-10,0,1.2751247438751646e-10
84,1.285651408586584e-10,0,1.285651408586584e-10
85,1.3013959375924385e-10,0,1.3013959375924385e-10
86,1.3167519643428323e-10,0,1.3167519643428323e-10
87,1.3350919257777024e-10,0,1.3350919257777024e-10
88,1.3510591472913132e-10,0,1.3510591472913132e-10
89,1.3701777919622805e-10,0,1.3701777919622805e-10
90,1.386333243918029e-10,0,1.386333243918029e-10
91,1.4046611267554485e-10,0,1.4046611267554485e-10
92,1.4208237463919046e-10,0,1.4208237463919046e-10
93,1.44184118644707e-10,0,1.44184118644707e-10
94,1.4613585165356676e-10,0,1.4613585165356676e-10
95,1.485645029641976e-10,0,1.485645029641976e-10
96,1.507690858603163e-10,0,1.507690858603163e-10
97,1.5320003529672372e-10,0,1.5320003529672372e-10
98,1.5564522831089553e-10,0,1.5564522831089553e-10
99,1.5813049024857862e-10,0,1.5813049024857862e-10
100,1.6010743746466273e-10,0,1.6010743746466273e-10
101,1.620948619776052e-10,0,1.620948619776052e-10
102,1.6380884529231363e-10,0,1.6380884529231363e-10
103,1.6570061180517611e-10,0,1.6570061180517611e-10
104,1.676764404487761e-10,0,1.676764404487761e-10
105,1.6984805478214607e-10,0,1.6984805478214607e-10
106,1.7171564894831103e-10,0,1.7171564894831103e-10
107,1.7365715748988612e-10,0,1.7365715748988612e-10
108,1.755338683545437e-10,0,1.755338683545437e-10
109,1.7769014958629997e-10,0,1.7769014958629997e-10
110,1.797789367859841e-10,0,1.797789367859841e-10
111,1.8156664308505997e-10,0,1.8156664308505997e-10
112,1.8284297762178928e-10,0,1.8284297762178928e-10
113,1.8486117244066737e-10,0,1.8486117244066737e-10
114,1.8700222384898155e-10,0,1.8700222384898155e-10
115,1.893725586792349e-10,0,1.893725586792349e-10
116,1.9142877377194383e-10,0,1.9142877377194383e-10
117,1.935243131143162e-10,0,1.935243131143162e-10
118,1.9605522706559874e-10,0,1.9605522706559874e-10
119,1.9931218214583232e-10,0,1.9931218214583232e-10
120,2.0232846016822983e-10,0,2.0232846016822983e-10
121,2.0619431884899493e-10,0,2.0619431884899493e-10
122,2.1047763144027258e-10,0,2.1047763144027258e-10
123,2.1539127708749477e-10,0,2.1539127708749477e-10
124,2.2066953029992287e-10,0,2.2066953029992287e-10
125,2.2612280699882322e-10,0,2.2612280699882322e-10
126,2.315435067858934e-10,0,2.315435067858934e-10
127,2.3691356071050043e-10,0,2.3691356071050043e-10
128,2.4137396785116785e-10,0,2.4137396785116785e-10
129,2.4585895714783786e-10,0,2.4585895714783786e-10
130,2.5014478433868253e-10,0,2.5014478433868253e-10
131,2.541054840992422e-10,0,2.541054840992422e-10
132,2.5776864420944446e-10,0,2.5776864420944446e-10
133,2.6148576048105244e-10,0,2.6148576048105244e-10
134,2.6469614235488177e-10,0,2.6469614235488177e-10
135,2.6828153005838326e-10,0,2.6828153005838326e-10
136,2.7142629848068156e-10,0,2.7142629848068156e-10
137,2.7531496997076694e-10,0,2.7531496997076694e-10
138,2.7911650761677724e-10,0,2.7911650761677724e-10
139,2.835944673317822e-10,0,2.835944673317822e-10
140,2.8748633768668094e-10,0,2.8748633768668094e-10
141,2.9274842029177565e-10,0,2.9274842029177565e-10
142,2.9754960603222e-10,0,2.9754960603222e-10
143,3.035726287671068e-10,0,3.035726287671068e-10
144,3.0889775951176325e-10,0,3.0889775951176325e-10
145,3.1548700543257804e-10,0,3.1548700543257804e-10
146,3.2184767440415545e-10,0,3.2184767440415545e-10
147,3.292701608286131e-10,0,3.292701608286131e-10
148,3.3606439336137507e-10,0,3.3606439336137507e-10
149,3.44491882850221e-10,0,3.44491882850221e-10
150,3.5252947528420924e-10,0,3.5252947528420924e-10
151,3.62119736549895e-10,0,3.62119736549895e-10
152,3.715716835215577e-10,0,3.715716835215577e-10
153,3.8281313578268383e-10,0,3.8281313578268383e-10
154,3.9401466846445866e-10,0,3.9401466846445866e-10
155,4.0630431330712046e-10,0,4.0630431330712046e-10
156,4.1772147482535036e-10,0,4.1772147482535036e-10
157,4.301937843169728e-10,0,4.301937843169728e-10
158,4.415602467349644e-10,0,4.415602467349644e-10
159,4.5389234462799555e-10,0,4.5389234462799555e-10
160,4.647344389407704e-10,0,4.647344389407704e-10
161,4.777767016556152e-10,0,4.777767016556152e-10
162,4.903433156685865e-10,0,4.903433156685865e-10
163,5.047456071354649e-10,0,5.047456071354649e-10
164,5.192789234980143e-10,0,5.192789234980143e-10
165,5.371633254295833e-10,0,5.371633254295833e-10
166,5.561873897163687e-10,0,5.561873897163687e-10
167,5.781570959652076e-10,0,5.781570959652076e-10
168,5.996987184108028e-10,0,5.996987184108028e-10
169,6.249880803143123e-10,0,6.249880803143123e-10
170,6.515584772692399e-10,0,6.515584772692399e-10
171,6.804034905028237e-10,0,6.804034905028237e-10
172,7.094435035199633e-10,0,7.094435035199633e-10
173,7.422156859686532e-10,0,7.422156859686532e-10
174,7.76136940806332e-10,0,7.76136940806332e-10
175,8.137481907942883e-10,0,8.137481907942883e-10
176,8.520792773614033e-10,0,8.520792773614033e-10
177,8.962945429708785e-10,0,8.962945429708785e-10
178,9.4510919183814e-10,0,9.4510919183814e-10
179,9.9971676691994e-10,0,9.9971676691994e-10
180,1.058841167377044e-09,0,1.058841167377044e-09
181,1.1323130750145174e-09,0,1.1323130750145174e-09
182,1.2177815267945373e-09,0,1.2177815267945373e-09
183,1.3204582613123145e-09,0,1.3204582613123145e-09
184,1.4387574803113775e-09,0,1.4387574803113775e-09
185,1.5813604620722868e-09,0,1.5813604620722868e-09
186,1.7490515913001206e-09,0,1.7490515913001206e-09
187,1.9525995030248588e-09,0,1.9525995030248588e-09
188,2.1924418210868998e-09,0,2.1924418210868998e-09
189,2.487916935882219e-09,0,2.487916935882219e-09
190,2.8547139122926243e-09,0,2.8547139122926243e-09
191,3.3150615788023437e-09,0,3.3150615788023437e-09
192,3.9061438929387776e-09,0,3.9061438929387776e-09
193,4.693206769362133e-09,0,4.693206769362133e-09
194,5.755565052589762e-09,0,5.755565052589762e-09
195,7.231686290543891e-09,0,7.231686290543891e-09
196,9.416062309531516e-09,0,9.416062309531516e-09
197,1.2619004770177464e-08,0,1.2619004770177464e-08
198,1.7760374292117862e-08,0,1.7760374292117862e-08
199,2.645584218113851e-08,0,2.645584218113851e-08
200,4.26550593470257e-08,0,4.26550593470257e-08
201,6.806381060707212e-08,0,6.806381060707212e-08
202,1.0439326151494511e-07,0,1.0439326151494511e-07
203,1.6898291898234907e-07,0,1.6898291898234907e-07
204,2.735351544094361e-07,0,2.735351544094361e-07
205,4.427754068185402e-07,0,4.427754068185402e-07
