Temperature: 20 C
Humidity: 56 %
Date: 1970-01-01 00:00:00.000000
voltage,pad,gr,totalCurrent
26,7.9903177237553e-11,0,7.9903177237553e-11
27,8.049755687219842e-11,0,8.049755687219842e-11
28,8.025205065574989e-11,0,8.025205065574989e-11
29,8.005509496708505e-11,0,8.005509496708505e-11
30,7.98619546134123e-11,0,7.98619546134123e-11
31,7.98186499277487e-11,0,7.98186499277487e-11
32,8.028307256391708e-11,0,8.028307256391708e-11
33,8.113251641073582e-11,0,8.113251641073582e-11
34,8.233374850378534e-11,0,8.233374850378534e-11
35,8.326538906765075e-11,0,8.326538906765075e-11
36,8.384868314428048e-11,0,8.384868314428048e-11
37,8.406641661017769e-11,0,8.406641661017769e-11
38,8.39872592948816e-11,0,8.39872592948816e-11
39,8.381131416242714e-11,0,8.381131416242714e-11
40,8.373239705274114e-11,0,8.373239705274114e-11
41,8.325770998124216e-11,0,8.325770998124216e-11
42,8.289030951178722e-11,0,8.289030951178722e-11
43,8.258562302806258e-11,0,8.258562302806258e-11
44,8.267634838168003e-11,0,8.267634838168003e-11
45,8.351717925752703e-11,0,8.351717925752703e-11
46,8.450209671433962e-11,0,8.450209671433962e-11
47,8.555609943775728e-11,0,8.555609943775728e-11
48,8.670546174394045e-11,0,8.670546174394045e-11
49,8.768040859981869e-11,0,8.768040859981869e-11
50,8.866612339912047e-11,0,8.866612339912047e-11
51,8.990206841343925e-11,0,8.990206841343925e-11
52,9.058415362330993e-11,0,9.058415362330993e-11
53,9.120870252243983e-11,0,9.120870252243983e-11
54,9.181840106489842e-11,0,9.181840106489842e-11
55,9.239767620651231e-11,0,9.239767620651231e-11
56,9.309624233225477e-11,0,9.309624233225477e-11
57,9.419743514345057e-11,0,9.419743514345057e-11
58,9.522734431717525e-11,0,9.522734431717525e-11
59,9.653121622221704e-11,0,9.653121622221704e-11
60,9.817708123975593e-11,0,9.817708123975593e-11
61,9.969917368038929e-11,0,9.969917368038929e-11
62,1.0130068296185779e-10,0,1.0130068296185779e-10
63,1.027434242692028e-10,0,1.027434242692028e-10
64,1.037477801772789e-10,0,1.037477801772789e-10
65,1.0490491160118143e-10,0,1.0490491160118143e-10
66,1.0581508299334361e-10,0,1.0581508299334361e-10
67,1.0640622812460874e-10,0,1.0640622812460874e-10
68,1.0701618452179512e-10,0,1.0701618452179512e-10
69,1.0762491058519872e-10,0,1.0762491058519872e-10
70,1.0830271863934979e-10,0,1.0830271863934979e-10
71,1.0920447434897912e-10,0,1.0920447434897912e-10
72,1.0965912710545846e-10,0,1.0965912710545846e-10
73,1.1049402031678418e-10,0,1.1049402031678418e-10
74,1.1159545892467271e-10,0,1.1159545892467271e-10
75,1.1267991331542219e-10,0,1.1267991331542219e-10
76,1.1382613490368668e-10,0,1.1382613490368668e-10
77,1.149819963357727e-10,0,1.149819963357727e-10
78,1.1595438736181428e-10,0,1.1595438736181428e-10
79,1.1692652838410425e-10,0,1.1692652838410425e-10
80,1.1764250676420925e-10,0,1.1764250676420925e-10
81,1.1812995506320876e-10,0,1.1812995506320876e-10
82,1.1877294408099348e-10,0,1.1877294408099348e-10
83,1.1985948547617073e-10,0,1.1985948547617073e-10
84,1.2095145133983337e-10,0,1.2095145133983337e-10
85,1.218632202285004e-10,0,1.218632202285004e-10
86,1.224442255584951e-10,0,1.224442255584951e-10
87,1.226589777216596e-10,0,1.226589777216596e-10
88,1.2282932436899705e-10,0,1.2282932436899705e-10
89,1.2310907539678013e-10,0,1.2310907539678013e-10
90,1.2318722764950242e-10,0,1.2318722764950242e-10
91,1.2366804624564904e-10,0,1.2366804624564904e-10
92,1.2450757376562378e-10,0,1.2450757376562378e-10
93,1.264045688356092e-10,0,1.264045688356092e-10
94,1.2936062379595194e-10,0,1.2936062379595194e-10
95,1.332812971482876e-10,0,1.332812971482876e-10
96,1.3719932974927932e-10,0,1.3719932974927932e-10
97,1.4145228588334515e-10,0,1.4145228588334515e-10
98,1.464873405713942e-10,0,1.464873405713942e-10
99,1.5192264228886713e-10,0,1.5192264228886713e-10
100,1.5697391291204312e-10,0,1.5697391291204312e-10
101,1.6109454741868396e-10,0,1.6109454741868396e-10
102,1.642244776200402e-10,0,1.642244776200402e-10
103,1.674060292134073e-10,0,1.674060292134073e-10
104,1.7042826924092602e-10,0,1.7042826924092602e-10
105,1.7342469790377293e-10,0,1.7342469790377293e-10
106,1.7683379586403843e-10,0,1.7683379586403843e-10
107,1.8005430877346706e-10,0,1.8005430877346706e-10
108,1.836630843914772e-10,0,1.836630843914772e-10
109,1.885431037968491e-10,0,1.885431037968491e-10
110,1.942041707157294e-10,0,1.942041707157294e-10
111,1.9951711833275525e-10,0,1.9951711833275525e-10
112,2.0379056548250284e-10,0,2.0379056548250284e-10
113,2.0747057953668232e-10,0,2.0747057953668232e-10
114,2.1117808977238687e-10,0,2.1117808977238687e-10
115,2.1540877810317226e-10,0,2.1540877810317226e-10
116,2.1831073333704376e-10,0,2.1831073333704376e-10
117,2.2002019217355882e-10,0,2.2002019217355882e-10
118,2.2159700610822702e-10,0,2.2159700610822702e-10
119,2.2426150784745877e-10,0,2.2426150784745877e-10
120,2.2746346954554807e-10,0,2.2746346954554807e-10
121,2.3219625825172474e-10,0,2.3219625825172474e-10
122,2.3620034368841043e-10,0,2.3620034368841043e-10
123,2.4083340625610117e-10,0,2.4083340625610117e-10
124,2.4691670249215616e-10,0,2.4691670249215616e-10
125,2.5565415468270385e-10,0,2.5565415468270385e-10
126,2.6610125376161146e-10,0,2.6610125376161146e-10
127,2.7748480869676116e-10,0,2.7748480869676116e-10
128,2.893216668849372e-10,0,2.893216668849372e-10
129,3.024913015803846e-10,0,3.024913015803846e-10
130,3.163534791529468e-10,0,3.163534791529468e-10
131,3.310856640468743e-10,0,3.310856640468743e-10
132,3.4317511288904433e-10,0,3.4317511288904433e-10
133,3.519223104595047e-10,0,3.519223104595047e-10
134,3.5918000873558163e-10,0,3.5918000873558163e-10
135,3.6424911576103113e-10,0,3.6424911576103113e-10
136,3.689074445995576e-10,0,3.689074445995576e-10
137,3.756161219932047e-10,0,3.756161219932047e-10
138,3.8097156579215915e-10,0,3.8097156579215915e-10
139,3.8809815139588503e-10,0,3.8809815139588503e-10
140,3.9595058705814177e-10,0,3.9595058705814177e-10
141,4.0637837350680525e-10,0,4.0637837350680525e-10
142,4.177434901586059e-10,0,4.177434901586059e-10
143,4.31824532988875e-10,0,4.31824532988875e-10
144,4.4389934863165605e-10,0,4.4389934863165605e-10
145,4.608301021561555e-10,0,4.608301021561555e-10
146,4.803245307558985e-10,0,4.803245307558985e-10
147,5.058463176214167e-10,0,5.058463176214167e-10
148,5.313502601203961e-10,0,5.313502601203961e-10
149,5.58534861662846e-10,0,5.58534861662846e-10
150,5.833039129965539e-10,0,5.833039129965539e-10
151,6.077350643146146e-10,0,6.077350643146146e-10
152,6.261172295546472e-10,0,6.261172295546472e-10
153,6.340159470401536e-10,0,6.340159470401536e-10
154,6.339240654671494e-10,0,6.339240654671494e-10
155,6.353455418580169e-10,0,6.353455418580169e-10
156,6.395771572252262e-10,0,6.395771572252262e-10
157,6.432448417706802e-10,0,6.432448417706802e-10
158,6.469335588213965e-10,0,6.469335588213965e-10
159,6.579479351694855e-10,0,6.579479351694855e-10
160,6.800479854456623e-10,0,6.800479854456623e-10
161,7.133348120129235e-10,0,7.133348120129235e-10
162,7.540554084715234e-10,0,7.540554084715234e-10
163,7.997128499422099e-10,0,7.997128499422099e-10
164,8.616433288659883e-10,0,8.616433288659883e-10
165,9.28367720891679e-10,0,9.28367720891679e-10
166,9.907412275569489e-10,0,9.907412275569489e-10
167,1.0651914537325032e-09,0,1.0651914537325032e-09
168,1.1386938492871518e-09,0,1.1386938492871518e-09
169,1.2307123400289894e-09,0,1.2307123400289894e-09
170,1.337034155691439e-09,0,1.337034155691439e-09
171,1.4689579150528984e-09,0,1.4689579150528984e-09
172,1.6419310639826345e-09,0,1.6419310639826345e-09
173,1.8464696051004283e-09,0,1.8464696051004283e-09
174,2.0707686993705134e-09,0,2.0707686993705134e-09
175,2.3361140092768477e-09,0,2.3361140092768477e-09
176,2.6161958350771903e-09,0,2.6161958350771903e-09
177,2.9969126154924247e-09,0,2.9969126154924247e-09
178,3.4610618941135427e-09,0,3.4610618941135427e-09
179,4.154902060307744e-09,0,4.154902060307744e-09
180,5.098531944076821e-09,0,5.098531944076821e-09
181,6.181078545573388e-09,0,6.181078545573388e-09
182,7.297361404985895e-09,0,7.297361404985895e-09
183,7.863459789929845e-09,0,7.863459789929845e-09
184,8.449949892087172e-09,0,8.449949892087172e-09
185,9.080202846900386e-09,0,9.080202846900386e-09
186,9.757442794398783e-09,0,9.757442794398783e-09
