Temperature: 20 C
Humidity: 36 %
Date: 1970-01-01 00:00:00.000000
voltage,pad,gr,totalCurrent
26,8.062351262877894e-11,0,8.062351262877894e-11
27,8.150912770423336e-11,0,8.150912770423336e-11
28,8.163810043200649e-11,0,8.163810043200649e-11
29,8.155728948942547e-11,0,8.155728948942547e-11
30,8.152523814588506e-11,0,8.152523814588506e-11
31,8.149785228937547e-11,0,8.149785228937547e-11
32,8.178954497384628e-11,0,8.178954497384628e-11
33,8.24701831266066e-11,0,8.24701831266066e-11
34,8.365998386585024e-11,0,8.365998386585024e-11
35,8.464788656401338e-11,0,8.464788656401338e-11
36,8.578448279227734e-11,0,8.578448279227734e-11
37,8.681043449846936e-11,0,8.681043449846936e-11
38,8.78434478503024e-11,0,8.78434478503024e-11
39,8.889890427133339e-11,0,8.889890427133339e-11
40,8.984897881060474e-11,0,8.984897881060474e-11
41,9.020581352885977e-11,0,9.020581352885977e-11
42,9.059668614880554e-11,0,9.059668614880554e-11
43,9.083353813178609e-11,0,9.083353813178609e-11
44,9.107480911132021e-11,0,9.107480911132021e-11
45,9.15638997724055e-11,0,9.15638997724055e-11
46,9.20186315878128e-11,0,9.20186315878128e-11
47,9.251827599367447e-11,0,9.251827599367447e-11
48,9.316884382804596e-11,0,9.316884382804596e-11
49,9.39243764033157e-11,0,9.39243764033157e-11
50,9.470079946239193e-11,0,9.470079946239193e-11
51,9.583906922917979e-11,0,9.583906922917979e-11
52,9.677975773904516e-11,0,9.677975773904516e-11
53,9.766253072267352e-11,0,9.766253072267352e-11
54,9.841689263989933e-11,0,9.841689263989933e-11
55,9.906955413300637e-11,0,9.906955413300637e-11
56,9.948900279102724e-11,0,9.948900279102724e-11
57,1.0031340816735087e-10,0,1.0031340816735087e-10
58,1.0088445077772471e-10,0,1.0088445077772471e-10
59,1.0153474561150181e-10,0,1.0153474561150181e-10
60,1.0242174929612528e-10,0,1.0242174929612528e-10
61,1.0349293368336416e-10,0,1.0349293368336416e-10
62,1.0458933001652072e-10,0,1.0458933001652072e-10
63,1.0579788967174841e-10,0,1.0579788967174841e-10
64,1.0658863844780273e-10,0,1.0658863844780273e-10
65,1.0791315226791473e-10,0,1.0791315226791473e-10
66,1.092217415934299e-10,0,1.092217415934299e-10
67,1.1048285964212358e-10,0,1.1048285964212358e-10
68,1.1163099745332439e-10,0,1.1163099745332439e-10
69,1.1299409893477631e-10,0,1.1299409893477631e-10
70,1.142603790328998e-10,0,1.142603790328998e-10
71,1.1576738810867519e-10,0,1.1576738810867519e-10
72,1.1667542949999694e-10,0,1.1667542949999694e-10
73,1.176998706922104e-10,0,1.176998706922104e-10
74,1.1872574586675136e-10,0,1.1872574586675136e-10
75,1.1975214739866353e-10,0,1.1975214739866353e-10
76,1.2065434567400433e-10,0,1.2065434567400433e-10
77,1.2172655259174645e-10,0,1.2172655259174645e-10
78,1.2260646594071764e-10,0,1.2260646594071764e-10
79,1.234520695781504e-10,0,1.234520695781504e-10
80,1.2411448776853933e-10,0,1.2411448776853933e-10
81,1.2459017042857462e-10,0,1.2459017042857462e-10
82,1.2516960846287073e-10,0,1.2516960846287073e-10
83,1.2601019773313487e-10,0,1.2601019773313487e-10
84,1.268681323822108e-10,0,1.268681323822108e-10
85,1.2767862652674465e-10,0,1.2767862652674465e-10
86,1.2863856457067028e-10,0,1.2863856457067028e-10
87,1.295550703162698e-10,0,1.295550703162698e-10
88,1.3052510342889466e-10,0,1.3052510342889466e-10
89,1.317000654851262e-10,0,1.317000654851262e-10
90,1.3276980796019443e-10,0,1.3276980796019443e-10
91,1.340238245136939e-10,0,1.340238245136939e-10
92,1.3564397642188114e-10,0,1.3564397642188114e-10
93,1.3768826965551685e-10,0,1.3768826965551685e-10
94,1.4025036226246306e-10,0,1.4025036226246306e-10
95,1.4356393857290028e-10,0,1.4356393857290028e-10
96,1.467755218371158e-10,0,1.467755218371158e-10
97,1.502201698176112e-10,0,1.502201698176112e-10
98,1.540031357668421e-10,0,1.540031357668421e-10
99,1.5799408327934326e-10,0,1.5799408327934326e-10
100,1.6153521420393402e-10,0,1.6153521420393402e-10
101,1.6458296716829409e-10,0,1.6458296716829409e-10
102,1.6687201077718907e-10,0,1.6687201077718907e-10
103,1.6925754990143162e-10,0,1.6925754990143162e-10
104,1.7162856713053586e-10,0,1.7162856713053586e-10
105,1.7416813612411443e-10,0,1.7416813612411443e-10
106,1.763161581763824e-10,0,1.763161581763824e-10
107,1.782936295686619e-10,0,1.782936295686619e-10
108,1.8029327926352989e-10,0,1.8029327926352989e-10
109,1.8316044412451375e-10,0,1.8316044412451375e-10
110,1.8653385908333112e-10,0,1.8653385908333112e-10
111,1.8965554537931453e-10,0,1.8965554537931453e-10
112,1.9196042733391058e-10,0,1.9196042733391058e-10
113,1.9488984034448585e-10,0,1.9488984034448585e-10
114,1.9802217623742658e-10,0,1.9802217623742658e-10
115,2.0185894024726783e-10,0,2.0185894024726783e-10
116,2.047172153863703e-10,0,2.047172153863703e-10
117,2.0692913753294163e-10,0,2.0692913753294163e-10
118,2.0895011291472176e-10,0,2.0895011291472176e-10
119,2.1161398092269457e-10,0,2.1161398092269457e-10
120,2.1413258238699132e-10,0,2.1413258238699132e-10
121,2.1741228882669361e-10,0,2.1741228882669361e-10
122,2.203678484677214e-10,0,2.203678484677214e-10
123,2.2388902568749184e-10,0,2.2388902568749184e-10
124,2.2800556243516285e-10,0,2.2800556243516285e-10
125,2.3323107148293817e-10,0,2.3323107148293817e-10
126,2.391260133312657e-10,0,2.391260133312657e-10
127,2.452943461421259e-10,0,2.452943461421259e-10
128,2.513291170325716e-10,0,2.513291170325716e-10
129,2.574987852693572e-10,0,2.574987852693572e-10
130,2.6374866000220844e-10,0,2.6374866000220844e-10
131,2.698324456302315e-10,0,2.698324456302315e-10
132,2.7485648457290636e-10,0,2.7485648457290636e-10
133,2.7862966409417096e-10,0,2.7862966409417096e-10
134,2.8179732536833197e-10,0,2.8179732536833197e-10
135,2.841679761774047e-10,0,2.841679761774047e-10
136,2.864094748517953e-10,0,2.864094748517953e-10
137,2.9003665549001606e-10,0,2.9003665549001606e-10
138,2.9339713180873585e-10,0,2.9339713180873585e-10
139,2.973758539734836e-10,0,2.973758539734836e-10
140,3.0114522275339143e-10,0,3.0114522275339143e-10
141,3.062474916693428e-10,0,3.062474916693428e-10
142,3.121324988741453e-10,0,3.121324988741453e-10
143,3.2019671358173307e-10,0,3.2019671358173307e-10
144,3.270578636829165e-10,0,3.270578636829165e-10
145,3.3586151307639603e-10,0,3.3586151307639603e-10
146,3.4630233018186147e-10,0,3.4630233018186147e-10
147,3.5930386057188633e-10,0,3.5930386057188633e-10
148,3.718924864665214e-10,0,3.718924864665214e-10
149,3.8646022052774937e-10,0,3.8646022052774937e-10
150,3.990948522988098e-10,0,3.990948522988098e-10
151,4.122846652457481e-10,0,4.122846652457481e-10
152,4.231751500408984e-10,0,4.231751500408984e-10
153,4.3171929000850013e-10,0,4.3171929000850013e-10
154,4.3832775696458575e-10,0,4.3832775696458575e-10
155,4.4633610359323223e-10,0,4.4633610359323223e-10
156,4.543490672477544e-10,0,4.543490672477544e-10
157,4.6330790776599483e-10,0,4.6330790776599483e-10
158,4.724257621625999e-10,0,4.724257621625999e-10
159,4.851359908363393e-10,0,4.851359908363393e-10
160,5.00004203806595e-10,0,5.00004203806595e-10
161,5.197340997954783e-10,0,5.197340997954783e-10
162,5.386977687074428e-10,0,5.386977687074428e-10
163,5.572729985771692e-10,0,5.572729985771692e-10
164,5.781444002588969e-10,0,5.781444002588969e-10
165,6.01711660526495e-10,0,6.01711660526495e-10
166,6.24966121956213e-10,0,6.24966121956213e-10
167,6.517945967392819e-10,0,6.517945967392819e-10
168,6.773920740228259e-10,0,6.773920740228259e-10
169,7.095993084788839e-10,0,7.095993084788839e-10
170,7.465785108136405e-10,0,7.465785108136405e-10
171,7.881351976392002e-10,0,7.881351976392002e-10
172,8.325697867661595e-10,0,8.325697867661595e-10
173,8.794921895502364e-10,0,8.794921895502364e-10
174,9.274915289818132e-10,0,9.274915289818132e-10
175,9.799507774137752e-10,0,9.799507774137752e-10
176,1.0324755501328675e-09,0,1.0324755501328675e-09
177,1.0937414736880362e-09,0,1.0937414736880362e-09
178,1.1591849063570218e-09,0,1.1591849063570218e-09
179,1.240014331057402e-09,0,1.240014331057402e-09
180,1.3449258748482299e-09,0,1.3449258748482299e-09
181,1.4732058521156662e-09,0,1.4732058521156662e-09
182,1.6300650398465867e-09,0,1.6300650398465867e-09
183,1.790131211980789e-09,0,1.790131211980789e-09
184,1.960504913933138e-09,0,1.960504913933138e-09
185,2.1270554724931494e-09,0,2.1270554724931494e-09
186,2.3011410768901827e-09,0,2.3011410768901827e-09
187,2.458006564076421e-09,0,2.458006564076421e-09
188,2.660031034072886e-09,0,2.660031034072886e-09
189,2.919228800733008e-09,0,2.919228800733008e-09
190,3.2671116099407816e-09,0,3.2671116099407816e-09
191,3.778074415374925e-09,0,3.778074415374925e-09
192,4.542682597215232e-09,0,4.542682597215232e-09
193,5.491991814658476e-09,0,5.491991814658476e-09
194,6.8193517965896115e-09,0,6.8193517965896115e-09
195,8.562883759025362e-09,0,8.562883759025362e-09
196,1.091707871006121e-08,0,1.091707871006121e-08
197,1.4481922072612202e-08,0,1.4481922072612202e-08
198,2.0123843790707008e-08,0,2.0123843790707008e-08
199,2.866170973737526e-08,0,2.866170973737526e-08
200,4.535247077591939e-08,0,4.535247077591939e-08
201,7.389680146273208e-08,0,7.389680146273208e-08
202,1.2040647791265003e-07,0,1.2040647791265003e-07
203,1.9618873396896648e-07,0,1.9618873396896648e-07
