Temperature: 110 C
Humidity: 10 %
Date: 1970-01-01 00:00:00.000000
voltage,pad,gr,totalCurrent
0,1.3401573136791726e-07,0,1.3401573136791726e-07
1,1.6383402696318904e-07,0,1.6383402696318904e-07
2,2.002870677043303e-07,0,2.002870677043303e-07
3,2.448509032779386e-07,0,2.448509032779386e-07
4,2.9744083581349e-07,0,2.9744083581349e-07
5,3.274725229238172e-07,0,3.274725229238172e-07
6,3.5287451681081136e-07,0,3.5287451681081136e-07
7,3.7989306832572293e-07,0,3.7989306832572293e-07
8,3.960266733718527e-07,0,3.960266733718527e-07
9,4.1108682974762854e-07,0,4.1108682974762854e-07
10,4.332131030028815e-07,0,4.332131030028815e-07
11,4.6359540829879406e-07,0,4.6359540829879406e-07
12,4.995849561391921e-07,0,4.995849561391921e-07
13,5.411591482760833e-07,0,5.411591482760833e-07
14,5.901510606346305e-07,0,5.901510606346305e-07
15,6.540348227140729e-07,0,6.540348227140729e-07
16,7.221260536411245e-07,0,7.221260536411245e-07
17,8.037859303477064e-07,0,8.037859303477064e-07
18,8.988765809723076e-07,0,8.988765809723076e-07
19,1.0168245365796867e-06,0,1.0168245365796867e-06
20,1.14150910937735e-06,0,1.14150910937735e-06
21,1.2634892752877134e-06,0,1.2634892752877134e-06
22,1.3699025148119938e-06,0,1.3699025148119938e-06
23,1.4819501247570324e-06,0,1.4819501247570324e-06
24,1.566404241913967e-06,0,1.566404241913967e-06
25,1.6233245240977334e-06,0,1.6233245240977334e-06
26,1.6440127809024954e-06,0,1.6440127809024954e-06
27,1.6736045182573585e-06,0,1.6736045182573585e-06
28,1.710701846047011e-06,0,1.710701846047011e-06
29,1.751544105501129e-06,0,1.751544105501129e-06
30,1.7784551415919168e-06,0,1.7784551415919168e-06
31,1.805781626313334e-06,0,1.805781626313334e-06
32,1.8216728693727576e-06,0,1.8216728693727576e-06
33,1.8315139473561113e-06,0,1.8315139473561113e-06
34,1.835687343856797e-06,0,1.835687343856797e-06
35,1.8533632550188021e-06,0,1.8533632550188021e-06
36,1.8756667910728116e-06,0,1.8756667910728116e-06
37,1.899908897662905e-06,0,1.899908897662905e-06
38,1.9244643220206967e-06,0,1.9244643220206967e-06
39,1.958770724220838e-06,0,1.958770724220838e-06
40,1.977347383161803e-06,0,1.977347383161803e-06
41,1.9919841968034476e-06,0,1.9919841968034476e-06
42,1.9938944637810055e-06,0,1.9938944637810055e-06
43,1.9987845840225643e-06,0,1.9987845840225643e-06
44,2.001417620339618e-06,0,2.001417620339618e-06
45,2.0069849553894977e-06,0,2.0069849553894977e-06
46,2.0218833321415982e-06,0,2.0218833321415982e-06
47,2.053730212997236e-06,0,2.053730212997236e-06
48,2.082854000394131e-06,0,2.082854000394131e-06
49,2.105441975048149e-06,0,2.105441975048149e-06
50,2.12236179805886e-06,0,2.12236179805886e-06
51,2.154243883168632e-06,0,2.154243883168632e-06
52,2.1834860859731377e-06,0,2.1834860859731377e-06
53,2.2205245242459455e-06,0,2.2205245242459455e-06
54,2.26768742051989e-06,0,2.26768742051989e-06
55,2.3194298436526475e-06,0,2.3194298436526475e-06
56,2.3723554920730454e-06,0,2.3723554920730454e-06
57,2.4245846750092e-06,0,2.4245846750092e-06
58,2.4597641033012215e-06,0,2.4597641033012215e-06
59,2.4953690307252507e-06,0,2.4953690307252507e-06
60,2.514820391984963e-06,0,2.514820391984963e-06
61,2.53251516915259e-06,0,2.53251516915259e-06
62,2.5530268246520284e-06,0,2.5530268246520284e-06
63,2.5753243149072164e-06,0,2.5753243149072164e-06
64,2.5939517131593715e-06,0,2.5939517131593715e-06
65,2.6085461538443653e-06,0,2.6085461538443653e-06
66,2.6383207366571515e-06,0,2.6383207366571515e-06
67,2.6706627739840126e-06,0,2.6706627739840126e-06
68,2.698428150949529e-06,0,2.698428150949529e-06
69,2.730514503942749e-06,0,2.730514503942749e-06
70,2.7657686724907397e-06,0,2.7657686724907397e-06
71,2.800115719177366e-06,0,2.800115719177366e-06
72,2.8390975381194175e-06,0,2.8390975381194175e-06
73,2.8604147224288206e-06,0,2.8604147224288206e-06
74,2.881227560756515e-06,0,2.881227560756515e-06
75,2.898405577796679e-06,0,2.898405577796679e-06
76,2.9227309683847957e-06,0,2.9227309683847957e-06
77,2.9587738686994303e-06,0,2.9587738686994303e-06
78,3.015545083059082e-06,0,3.015545083059082e-06
79,3.0701914014626637e-06,0,3.0701914014626637e-06
80,3.1277264831936603e-06,0,3.1277264831936603e-06
81,3.1834862954800047e-06,0,3.1834862954800047e-06
82,3.2392939744030255e-06,0,3.2392939744030255e-06
83,3.2923798668891877e-06,0,3.2923798668891877e-06
84,3.3560200502108145e-06,0,3.3560200502108145e-06
85,3.418164603492348e-06,0,3.418164603492348e-06
86,3.493801641010341e-06,0,3.493801641010341e-06
87,3.581462920040822e-06,0,3.581462920040822e-06
88,3.681794879489321e-06,0,3.681794879489321e-06
89,3.7850414564641023e-06,0,3.7850414564641023e-06
90,3.89213617331744e-06,0,3.89213617331744e-06
91,3.9851598607492846e-06,0,3.9851598607492846e-06
92,4.056196733076863e-06,0,4.056196733076863e-06
93,4.0780509927314655e-06,0,4.0780509927314655e-06
94,4.088173796770475e-06,0,4.088173796770475e-06
95,4.115913038274933e-06,0,4.115913038274933e-06
96,4.15573697343953e-06,0,4.15573697343953e-06
97,4.182409788627247e-06,0,4.182409788627247e-06
98,4.214359121049229e-06,0,4.214359121049229e-06
99,4.285084972443623e-06,0,4.285084972443623e-06
100,4.39812081066263e-06,0,4.39812081066263e-06
101,4.524941257106185e-06,0,4.524941257106185e-06
102,4.625947613478011e-06,0,4.625947613478011e-06
103,4.714557460384499e-06,0,4.714557460384499e-06
104,4.8008358027676345e-06,0,4.8008358027676345e-06
105,4.8595697959727486e-06,0,4.8595697959727486e-06
106,4.874784027658699e-06,0,4.874784027658699e-06
107,4.891130563259578e-06,0,4.891130563259578e-06
108,4.908825267333825e-06,0,4.908825267333825e-06
109,4.9282881730749235e-06,0,4.9282881730749235e-06
110,5.015393179894195e-06,0,5.015393179894195e-06
111,5.11399455793745e-06,0,5.11399455793745e-06
112,5.223020541365905e-06,0,5.223020541365905e-06
113,5.388125256424661e-06,0,5.388125256424661e-06
114,5.630017423961105e-06,0,5.630017423961105e-06
115,5.940183980500352e-06,0,5.940183980500352e-06
116,6.346985147010857e-06,0,6.346985147010857e-06
117,6.691667352150243e-06,0,6.691667352150243e-06
118,7.031914069574562e-06,0,7.031914069574562e-06
119,7.35191101487882e-06,0,7.35191101487882e-06
120,7.6097944942218855e-06,0,7.6097944942218855e-06
121,7.694694256354508e-06,0,7.694694256354508e-06
122,7.67864206725388e-06,0,7.67864206725388e-06
123,7.560251175247839e-06,0,7.560251175247839e-06
124,7.512011839384062e-06,0,7.512011839384062e-06
125,7.510387183820793e-06,0,7.510387183820793e-06
126,7.560906969990343e-06,0,7.560906969990343e-06
127,7.637727055535754e-06,0,7.637727055535754e-06
128,7.798415976662714e-06,0,7.798415976662714e-06
129,7.970261461705336e-06,0,7.970261461705336e-06
130,8.145902668689587e-06,0,8.145902668689587e-06
131,8.270776255681476e-06,0,8.270776255681476e-06
132,8.354230838959316e-06,0,8.354230838959316e-06
133,8.414684958836564e-06,0,8.414684958836564e-06
134,8.412006083530183e-06,0,8.412006083530183e-06
135,8.397370485808366e-06,0,8.397370485808366e-06
136,8.420146963096343e-06,0,8.420146963096343e-06
137,8.510975186428647e-06,0,8.510975186428647e-06
138,8.582593542340858e-06,0,8.582593542340858e-06
139,8.657637293641857e-06,0,8.657637293641857e-06
140,8.751661496179256e-06,0,8.751661496179256e-06
141,9.02407822038971e-06,0,9.02407822038971e-06
142,9.437041668607514e-06,0,9.437041668607514e-06
143,9.823541529280816e-06,0,9.823541529280816e-06
144,1.0016537929988414e-05,0,1.0016537929988414e-05
145,1.01829146730298e-05,0,1.01829146730298e-05
146,1.0352054967791203e-05,0,1.0352054967791203e-05
147,1.0541999534606189e-05,0,1.0541999534606189e-05
148,1.0645273645987562e-05,0,1.0645273645987562e-05
149,1.0599101022221407e-05,0,1.0599101022221407e-05
150,1.0535126419701464e-05,0,1.0535126419701464e-05
151,1.0604991167050398e-05,0,1.0604991167050398e-05
152,1.0890417393695286e-05,0,1.0890417393695286e-05
153,1.1251610637603504e-05,0,1.1251610637603504e-05
154,1.161853082636165e-05,0,1.161853082636165e-05
155,1.1985080014487753e-05,0,1.1985080014487753e-05
156,1.2369900849379957e-05,0,1.2369900849379957e-05
157,1.2788893804242387e-05,0,1.2788893804242387e-05
158,1.314990787929717e-05,0,1.314990787929717e-05
159,1.3290924268607404e-05,0,1.3290924268607404e-05
160,1.3514819842622394e-05,0,1.3514819842622394e-05
161,1.3697656489493327e-05,0,1.3697656489493327e-05
162,1.3796307906959449e-05,0,1.3796307906959449e-05
163,1.4008230701304726e-05,0,1.4008230701304726e-05
164,1.4342781325429414e-05,0,1.4342781325429414e-05
165,1.5074558127622857e-05,0,1.5074558127622857e-05
166,1.584365319980081e-05,0,1.584365319980081e-05
167,1.6483759686858523e-05,0,1.6483759686858523e-05
168,1.722216711451612e-05,0,1.722216711451612e-05
169,1.801743478698754e-05,0,1.801743478698754e-05
170,1.869857989213533e-05,0,1.869857989213533e-05
171,1.935160265095936e-05,0,1.935160265095936e-05
172,1.961738714478608e-05,0,1.961738714478608e-05
173,1.9864432062708448e-05,0,1.9864432062708448e-05
174,2.00753151899138e-05,0,2.00753151899138e-05
175,2.0294920386314965e-05,0,2.0294920386314965e-05
176,2.048984609423018e-05,0,2.048984609423018e-05
177,2.0674745771187198e-05,0,2.0674745771187198e-05
178,2.090809223742515e-05,0,2.090809223742515e-05
179,2.128683881749703e-05,0,2.128683881749703e-05
180,2.1800533469277225e-05,0,2.1800533469277225e-05
181,2.238649365474147e-05,0,2.238649365474147e-05
182,2.2886484432490884e-05,0,2.2886484432490884e-05
183,2.3633523799876752e-05,0,2.3633523799876752e-05
184,2.4533663348553198e-05,0,2.4533663348553198e-05
185,2.5346988776491207e-05,0,2.5346988776491207e-05
186,2.6038675927402832e-05,0,2.6038675927402832e-05
187,2.7075153923942573e-05,0,2.7075153923942573e-05
188,2.830115507622569e-05,0,2.830115507622569e-05
189,2.980498725322372e-05,0,2.980498725322372e-05
190,3.129052331641849e-05,0,3.129052331641849e-05
191,3.2704457740666955e-05,0,3.2704457740666955e-05
192,3.420698818553369e-05,0,3.420698818553369e-05
193,3.587638010371387e-05,0,3.587638010371387e-05
194,3.7401115867605945e-05,0,3.7401115867605945e-05
195,3.920576510885619e-05,0,3.920576510885619e-05
196,4.11260638589944e-05,0,4.11260638589944e-05
197,4.38611795614064e-05,0,4.38611795614064e-05
198,4.729255380012347e-05,0,4.729255380012347e-05
199,5.139267937600583e-05,0,5.139267937600583e-05
200,5.840851360307203e-05,0,5.840851360307203e-05
201,6.688707097374213e-05,0,6.688707097374213e-05
202,8.021646073950757e-05,0,8.021646073950757e-05
203,9.558265827080899e-05,0,9.558265827080899e-05
204,0.00011506092680087147,0,0.00011506092680087147
205,0.00014324423306456109,0,0.00014324423306456109
206,0.00018360199327771402,0,0.00018360199327771402
207,0.00023525462067417274,0,0.00023525462067417274
208,0.0003259045112262271,0,0.0003259045112262271
209,0.00042535754325049473,0,0.00042535754325049473
210,0.0004923285488874228,0,0.0004923285488874228
211,0.0006093941504023711,0,0.0006093941504023711
212,0.0007542955438676868,0,0.0007542955438676868
213,0.0009336509954599355,0,0.0009336509954599355
