Temperature: 20 C
Humidity: 4 %
Date: 1970-01-01 00:00:00.000000
voltage,pad,gr,totalCurrent
26,7.737545403445141e-11,0,7.737545403445141e-11
27,7.957783543268578e-11,0,7.957783543268578e-11
28,8.085151103785556e-11,0,8.085151103785556e-11
29,8.230030766359417e-11,0,8.230030766359417e-11
30,8.382419813658071e-11,0,8.382419813658071e-11
31,8.552228879482686e-11,0,8.552228879482686e-11
32,8.702267235134522e-11,0,8.702267235134522e-11
33,8.856726922824169e-11,0,8.856726922824169e-11
34,9.026050139761398e-11,0,9.026050139761398e-11
35,9.226163219606608e-11,0,9.226163219606608e-11
36,9.408043095127315e-11,0,9.408043095127315e-11
37,9.568934265338153e-11,0,9.568934265338153e-11
38,9.71822556625316e-11,0,9.71822556625316e-11
39,9.87626345856629e-11,0,9.87626345856629e-11
40,1.0072352418882966e-10,0,1.0072352418882966e-10
41,1.0266561624129243e-10,0,1.0266561624129243e-10
42,1.0439154223764635e-10,0,1.0439154223764635e-10
43,1.0594993826890404e-10,0,1.0594993826890404e-10
44,1.0742869504000183e-10,0,1.0742869504000183e-10
45,1.0876627497159106e-10,0,1.0876627497159106e-10
46,1.0984880233452018e-10,0,1.0984880233452018e-10
47,1.1057169100014984e-10,0,1.1057169100014984e-10
48,1.1102399024060562e-10,0,1.1102399024060562e-10
49,1.1132035755386535e-10,0,1.1132035755386535e-10
50,1.116979386406039e-10,0,1.116979386406039e-10
51,1.1232490868889051e-10,0,1.1232490868889051e-10
52,1.133136394007294e-10,0,1.133136394007294e-10
53,1.1436279464453645e-10,0,1.1436279464453645e-10
54,1.1561851363816494e-10,0,1.1561851363816494e-10
55,1.171966956944033e-10,0,1.171966956944033e-10
56,1.190089554150024e-10,0,1.190089554150024e-10
57,1.2105826938236023e-10,0,1.2105826938236023e-10
58,1.2328356644673286e-10,0,1.2328356644673286e-10
59,1.2533215734654827e-10,0,1.2533215734654827e-10
60,1.2760238822941452e-10,0,1.2760238822941452e-10
61,1.2965069493010007e-10,0,1.2965069493010007e-10
62,1.316659440327915e-10,0,1.316659440327915e-10
63,1.3347899896671811e-10,0,1.3347899896671811e-10
64,1.3500863830712783e-10,0,1.3500863830712783e-10
65,1.3611780824341368e-10,0,1.3611780824341368e-10
66,1.3711650324439417e-10,0,1.3711650324439417e-10
67,1.379824695757512e-10,0,1.379824695757512e-10
68,1.3898477364887038e-10,0,1.3898477364887038e-10
69,1.397753424260546e-10,0,1.397753424260546e-10
70,1.4048616347487533e-10,0,1.4048616347487533e-10
71,1.412396729278886e-10,0,1.412396729278886e-10
72,1.4213636106563334e-10,0,1.4213636106563334e-10
73,1.4306010247581454e-10,0,1.4306010247581454e-10
74,1.4406005847733467e-10,0,1.4406005847733467e-10
75,1.4527102245746698e-10,0,1.4527102245746698e-10
76,1.466543845132731e-10,0,1.466543845132731e-10
77,1.4816833012332218e-10,0,1.4816833012332218e-10
78,1.497159854436884e-10,0,1.497159854436884e-10
79,1.5116490963115295e-10,0,1.5116490963115295e-10
80,1.5246639555495062e-10,0,1.5246639555495062e-10
81,1.536579053928908e-10,0,1.536579053928908e-10
82,1.5469932222319205e-10,0,1.5469932222319205e-10
83,1.5556902916227238e-10,0,1.5556902916227238e-10
84,1.563838614852675e-10,0,1.563838614852675e-10
85,1.5722367533657528e-10,0,1.5722367533657528e-10
86,1.5820863884884165e-10,0,1.5820863884884165e-10
87,1.5915013893750565e-10,0,1.5915013893750565e-10
88,1.601204465466044e-10,0,1.601204465466044e-10
89,1.6124212878533217e-10,0,1.6124212878533217e-10
90,1.628118961884125e-10,0,1.628118961884125e-10
91,1.645576703835678e-10,0,1.645576703835678e-10
92,1.6635576840847145e-10,0,1.6635576840847145e-10
93,1.6848289810332548e-10,0,1.6848289810332548e-10
94,1.710337498725358e-10,0,1.710337498725358e-10
95,1.734604992534248e-10,0,1.734604992534248e-10
96,1.7584906993753785e-10,0,1.7584906993753785e-10
97,1.7829989396480646e-10,0,1.7829989396480646e-10
98,1.8118190212646316e-10,0,1.8118190212646316e-10
99,1.8455696827057782e-10,0,1.8455696827057782e-10
100,1.8791318452211173e-10,0,1.8791318452211173e-10
101,1.911175391427079e-10,0,1.911175391427079e-10
102,1.9479057850054637e-10,0,1.9479057850054637e-10
103,1.984836436258455e-10,0,1.984836436258455e-10
104,2.021042148682328e-10,0,2.021042148682328e-10
105,2.0506725788086265e-10,0,2.0506725788086265e-10
106,2.080901914669043e-10,0,2.080901914669043e-10
107,2.11278279082142e-10,0,2.11278279082142e-10
108,2.1498725754786988e-10,0,2.1498725754786988e-10
109,2.1898580019979533e-10,0,2.1898580019979533e-10
110,2.227801791072532e-10,0,2.227801791072532e-10
111,2.261491255080469e-10,0,2.261491255080469e-10
112,2.2968953304140977e-10,0,2.2968953304140977e-10
113,2.328390898241192e-10,0,2.328390898241192e-10
114,2.3588416303149286e-10,0,2.3588416303149286e-10
115,2.388898347260075e-10,0,2.388898347260075e-10
116,2.424337113049804e-10,0,2.424337113049804e-10
117,2.4647086796263774e-10,0,2.4647086796263774e-10
118,2.513594732389474e-10,0,2.513594732389474e-10
119,2.5663510492849005e-10,0,2.5663510492849005e-10
120,2.6153629503698567e-10,0,2.6153629503698567e-10
121,2.657806465526796e-10,0,2.657806465526796e-10
122,2.6904139555350335e-10,0,2.6904139555350335e-10
123,2.7131665121966837e-10,0,2.7131665121966837e-10
124,2.731309087042948e-10,0,2.731309087042948e-10
125,2.743270678162415e-10,0,2.743270678162415e-10
126,2.752406180720449e-10,0,2.752406180720449e-10
127,2.7675943303972846e-10,0,2.7675943303972846e-10
128,2.787079915703214e-10,0,2.787079915703214e-10
129,2.810619106949025e-10,0,2.810619106949025e-10
130,2.8410807761942134e-10,0,2.8410807761942134e-10
131,2.8826704629919613e-10,0,2.8826704629919613e-10
132,2.937555677734613e-10,0,2.937555677734613e-10
133,2.993571347142763e-10,0,2.993571347142763e-10
134,3.0462637989381815e-10,0,3.0462637989381815e-10
135,3.096196490944853e-10,0,3.096196490944853e-10
136,3.1585439419580584e-10,0,3.1585439419580584e-10
137,3.220915957261107e-10,0,3.220915957261107e-10
138,3.278337112893484e-10,0,3.278337112893484e-10
139,3.3272189060004685e-10,0,3.3272189060004685e-10
140,3.3872714848270343e-10,0,3.3872714848270343e-10
141,3.4623085517249935e-10,0,3.4623085517249935e-10
142,3.5485717963128394e-10,0,3.5485717963128394e-10
143,3.623535963096742e-10,0,3.623535963096742e-10
144,3.700790709291624e-10,0,3.700790709291624e-10
145,3.777949972398574e-10,0,3.777949972398574e-10
146,3.861226116350776e-10,0,3.861226116350776e-10
147,3.9416264941670747e-10,0,3.9416264941670747e-10
148,4.0291474893034517e-10,0,4.0291474893034517e-10
149,4.1376846944420635e-10,0,4.1376846944420635e-10
150,4.2569253185350067e-10,0,4.2569253185350067e-10
151,4.3647975382580386e-10,0,4.3647975382580386e-10
152,4.485074259458654e-10,0,4.485074259458654e-10
153,4.604022484518221e-10,0,4.604022484518221e-10
154,4.722110676266109e-10,0,4.722110676266109e-10
155,4.821749575060166e-10,0,4.821749575060166e-10
156,4.902496471173114e-10,0,4.902496471173114e-10
157,4.990564593531932e-10,0,4.990564593531932e-10
158,5.088923688532849e-10,0,5.088923688532849e-10
159,5.183458627887601e-10,0,5.183458627887601e-10
160,5.294982820203216e-10,0,5.294982820203216e-10
161,5.407647631174257e-10,0,5.407647631174257e-10
162,5.538023539128136e-10,0,5.538023539128136e-10
163,5.671779385880011e-10,0,5.671779385880011e-10
164,5.811049434727044e-10,0,5.811049434727044e-10
165,5.978316496707216e-10,0,5.978316496707216e-10
166,6.166775466771558e-10,0,6.166775466771558e-10
167,6.359359710849152e-10,0,6.359359710849152e-10
168,6.574857620284093e-10,0,6.574857620284093e-10
169,6.820040668755344e-10,0,6.820040668755344e-10
170,7.094575245652669e-10,0,7.094575245652669e-10
171,7.394371271996208e-10,0,7.394371271996208e-10
172,7.71575968460055e-10,0,7.71575968460055e-10
173,8.058828887145311e-10,0,8.058828887145311e-10
174,8.452937836805601e-10,0,8.452937836805601e-10
175,8.894752598578636e-10,0,8.894752598578636e-10
176,9.33197494591106e-10,0,9.33197494591106e-10
177,9.80682693157333e-10,0,9.80682693157333e-10
178,1.031394647688432e-09,0,1.031394647688432e-09
179,1.0819194947905883e-09,0,1.0819194947905883e-09
180,1.137324412380157e-09,0,1.137324412380157e-09
181,1.1964937194256785e-09,0,1.1964937194256785e-09
182,1.265314837554776e-09,0,1.265314837554776e-09
183,1.3471929988448612e-09,0,1.3471929988448612e-09
184,1.438463686953159e-09,0,1.438463686953159e-09
185,1.539375432091232e-09,0,1.539375432091232e-09
186,1.6677017238913158e-09,0,1.6677017238913158e-09
187,1.8241787422368297e-09,0,1.8241787422368297e-09
188,2.017158163092102e-09,0,2.017158163092102e-09
189,2.2519072887086326e-09,0,2.2519072887086326e-09
190,2.551359514970014e-09,0,2.551359514970014e-09
191,2.9255562849668374e-09,0,2.9255562849668374e-09
192,3.4209467092846574e-09,0,3.4209467092846574e-09
193,4.046908404674318e-09,0,4.046908404674318e-09
194,4.870284813554443e-09,0,4.870284813554443e-09
195,5.981954026325964e-09,0,5.981954026325964e-09
196,7.585777749219503e-09,0,7.585777749219503e-09
197,9.86037934651915e-09,0,9.86037934651915e-09
198,1.3455107642228832e-08,0,1.3455107642228832e-08
199,1.913098484076519e-08,0,1.913098484076519e-08
200,2.9916590312889005e-08,0,2.9916590312889005e-08
201,4.654263543921312e-08,0,4.654263543921312e-08
202,7.627896721145627e-08,0,7.627896721145627e-08
203,1.2501385870167958e-07,0,1.2501385870167958e-07
204,2.0488586301343884e-07,0,2.0488586301343884e-07
