Temperature: 20 C
Humidity: 38 %
Date: 1970-01-01 00:00:00.000000
voltage,pad,gr,totalCurrent
0,1.2403029992219364e-10,0,1.2403029992219364e-10
1,1.075830873669733e-10,0,1.075830873669733e-10
2,9.331688059023044e-11,0,9.331688059023044e-11
3,8.094246424986488e-11,0,8.094246424986488e-11
4,6.954915086018213e-11,0,6.954915086018213e-11
5,6.431643336360985e-11,0,6.431643336360985e-11
6,6.397119993942975e-11,0,6.397119993942975e-11
7,6.406046403818994e-11,0,6.406046403818994e-11
8,6.414985269424051e-11,0,6.414985269424051e-11
9,6.349048224529691e-11,0,6.349048224529691e-11
10,6.28149875741199e-11,0,6.28149875741199e-11
11,6.271891940396705e-11,0,6.271891940396705e-11
12,6.361776049301584e-11,0,6.361776049301584e-11
13,6.467886726318209e-11,0,6.467886726318209e-11
14,6.728807125007332e-11,0,6.728807125007332e-11
15,7.182041361662731e-11,0,7.182041361662731e-11
16,7.894498782086583e-11,0,7.894498782086583e-11
17,8.794709456035729e-11,0,8.794709456035729e-11
18,1.02825355511465e-10,0,1.02825355511465e-10
19,1.2515339265658187e-10,0,1.2515339265658187e-10
20,1.531152823075983e-10,0,1.531152823075983e-10
21,1.841679128679349e-10,0,1.841679128679349e-10
22,2.1722379001266373e-10,0,2.1722379001266373e-10
23,2.520382001787535e-10,0,2.520382001787535e-10
24,2.9004748292766675e-10,0,2.9004748292766675e-10
25,3.183968688208782e-10,0,3.183968688208782e-10
26,3.31990604752212e-10,0,3.31990604752212e-10
27,3.430349749209709e-10,0,3.430349749209709e-10
28,3.4990571394112995e-10,0,3.4990571394112995e-10
29,3.5475823037463036e-10,0,3.5475823037463036e-10
30,3.577136077554973e-10,0,3.577136077554973e-10
31,3.5989767962815577e-10,0,3.5989767962815577e-10
32,3.628066315296953e-10,0,3.628066315296953e-10
33,3.662952857924693e-10,0,3.662952857924693e-10
34,3.705027104612752e-10,0,3.705027104612752e-10
35,3.7606757045991713e-10,0,3.7606757045991713e-10
36,3.8171685151058165e-10,0,3.8171685151058165e-10
37,3.869348983704242e-10,0,3.869348983704242e-10
38,3.911886500968957e-10,0,3.911886500968957e-10
39,3.947117891286663e-10,0,3.947117891286663e-10
40,3.967060104908331e-10,0,3.967060104908331e-10
41,3.992342208691931e-10,0,3.992342208691931e-10
42,4.035779847272241e-10,0,4.035779847272241e-10
43,4.0850329533387975e-10,0,4.0850329533387975e-10
44,4.143458334698193e-10,0,4.143458334698193e-10
45,4.2108300536095e-10,0,4.2108300536095e-10
46,4.294292821079952e-10,0,4.294292821079952e-10
47,4.3819013663295947e-10,0,4.3819013663295947e-10
48,4.477988692077169e-10,0,4.477988692077169e-10
49,4.5693950155370303e-10,0,4.5693950155370303e-10
50,4.670332093515939e-10,0,4.670332093515939e-10
51,4.775197271685397e-10,0,4.775197271685397e-10
52,4.87303413684462e-10,0,4.87303413684462e-10
53,4.950039771868355e-10,0,4.950039771868355e-10
54,5.01476545632319e-10,0,5.01476545632319e-10
55,5.07128688316185e-10,0,5.07128688316185e-10
56,5.130360198669763e-10,0,5.130360198669763e-10
57,5.195469615142533e-10,0,5.195469615142533e-10
58,5.257998125481648e-10,0,5.257998125481648e-10
59,5.337182925931036e-10,0,5.337182925931036e-10
60,5.435541847022757e-10,0,5.435541847022757e-10
61,5.567482678198334e-10,0,5.567482678198334e-10
62,5.713844853285577e-10,0,5.713844853285577e-10
63,5.862998890658909e-10,0,5.862998890658909e-10
64,5.992142993196126e-10,0,5.992142993196126e-10
65,6.131734629981083e-10,0,6.131734629981083e-10
66,6.259000328762926e-10,0,6.259000328762926e-10
67,6.367799938227989e-10,0,6.367799938227989e-10
68,6.448288020162708e-10,0,6.448288020162708e-10
69,6.498252652148727e-10,0,6.498252652148727e-10
70,6.551509877760859e-10,0,6.551509877760859e-10
71,6.616337884968611e-10,0,6.616337884968611e-10
72,6.666843338604314e-10,0,6.666843338604314e-10
73,6.71707053446438e-10,0,6.71707053446438e-10
74,6.784564692321104e-10,0,6.784564692321104e-10
75,6.860461034439288e-10,0,6.860461034439288e-10
76,6.970158360119257e-10,0,6.970158360119257e-10
77,7.101682870111723e-10,0,7.101682870111723e-10
78,7.282441941470685e-10,0,7.282441941470685e-10
79,7.497213252507179e-10,0,7.497213252507179e-10
80,7.715268348541889e-10,0,7.715268348541889e-10
81,7.916771792472425e-10,0,7.916771792472425e-10
82,8.10589695983641e-10,0,8.10589695983641e-10
83,8.29409265698938e-10,0,8.29409265698938e-10
84,8.465011714945269e-10,0,8.465011714945269e-10
85,8.586401411480157e-10,0,8.586401411480157e-10
86,8.688423906254274e-10,0,8.688423906254274e-10
87,8.818960637398417e-10,0,8.818960637398417e-10
88,9.00120971889486e-10,0,9.00120971889486e-10
89,9.264676376053592e-10,0,9.264676376053592e-10
90,9.529763163209224e-10,0,9.529763163209224e-10
91,9.804307663635914e-10,0,9.804307663635914e-10
92,1.007336990022603e-09,0,1.007336990022603e-09
93,1.0370131501215274e-09,0,1.0370131501215274e-09
94,1.0665349271398107e-09,0,1.0665349271398107e-09
95,1.093470107947465e-09,0,1.093470107947465e-09
96,1.1155650209492566e-09,0,1.1155650209492566e-09
97,1.138023918775219e-09,0,1.138023918775219e-09
98,1.15634509724809e-09,0,1.15634509724809e-09
99,1.1757303568227765e-09,0,1.1757303568227765e-09
100,1.195359220815609e-09,0,1.195359220815609e-09
101,1.2172120668280575e-09,0,1.2172120668280575e-09
102,1.2390997513737736e-09,0,1.2390997513737736e-09
103,1.2596648547751479e-09,0,1.2596648547751479e-09
104,1.279222211304268e-09,0,1.279222211304268e-09
105,1.2997394938922842e-09,0,1.2997394938922842e-09
106,1.3188818121155805e-09,0,1.3188818121155805e-09
107,1.3375774288188417e-09,0,1.3375774288188417e-09
108,1.3560168649605903e-09,0,1.3560168649605903e-09
109,1.3749580612859912e-09,0,1.3749580612859912e-09
110,1.39779639581377e-09,0,1.39779639581377e-09
111,1.4266356996640468e-09,0,1.4266356996640468e-09
112,1.4613071731026838e-09,0,1.4613071731026838e-09
113,1.4990514400557153e-09,0,1.4990514400557153e-09
114,1.543593102546154e-09,0,1.543593102546154e-09
115,1.593582156665929e-09,0,1.593582156665929e-09
116,1.6443268908592703e-09,0,1.6443268908592703e-09
117,1.700970094513211e-09,0,1.700970094513211e-09
118,1.764323490998427e-09,0,1.764323490998427e-09
119,1.8328597508131735e-09,0,1.8328597508131735e-09
120,1.910709605491248e-09,0,1.910709605491248e-09
121,2.0013011576723633e-09,0,2.0013011576723633e-09
122,2.093423273185785e-09,0,2.093423273185785e-09
123,2.197686170875042e-09,0,2.197686170875042e-09
124,2.3002417985185386e-09,0,2.3002417985185386e-09
125,2.3862349561431646e-09,0,2.3862349561431646e-09
126,2.4691832912272303e-09,0,2.4691832912272303e-09
127,2.5457910415699113e-09,0,2.5457910415699113e-09
128,2.6049828171583653e-09,0,2.6049828171583653e-09
129,2.654691696984576e-09,0,2.654691696984576e-09
130,2.711701267919189e-09,0,2.711701267919189e-09
131,2.7671871741876807e-09,0,2.7671871741876807e-09
132,2.8306065112475707e-09,0,2.8306065112475707e-09
133,2.904126677797819e-09,0,2.904126677797819e-09
134,2.9886320551915833e-09,0,2.9886320551915833e-09
135,3.092819237045889e-09,0,3.092819237045889e-09
136,3.2257432627859754e-09,0,3.2257432627859754e-09
137,3.366161087833904e-09,0,3.366161087833904e-09
138,3.5290125128322116e-09,0,3.5290125128322116e-09
139,3.719235202621762e-09,0,3.719235202621762e-09
140,3.936376116705636e-09,0,3.936376116705636e-09
141,4.191134702875277e-09,0,4.191134702875277e-09
142,4.4594227053136754e-09,0,4.4594227053136754e-09
143,4.7425825630560574e-09,0,4.7425825630560574e-09
144,5.063697732632822e-09,0,5.063697732632822e-09
145,5.426156331450462e-09,0,5.426156331450462e-09
146,5.823312510804948e-09,0,5.823312510804948e-09
147,6.274702169896975e-09,0,6.274702169896975e-09
148,6.757340606112663e-09,0,6.757340606112663e-09
149,7.323334990097487e-09,0,7.323334990097487e-09
150,8.089892895783168e-09,0,8.089892895783168e-09
151,9.058216449298732e-09,0,9.058216449298732e-09
152,1.0515653827762063e-08,0,1.0515653827762063e-08
153,1.2632257236969695e-08,0,1.2632257236969695e-08
154,1.6592781898829328e-08,0,1.6592781898829328e-08
155,2.160165180096981e-08,0,2.160165180096981e-08
156,2.7683571498823798e-08,0,2.7683571498823798e-08
157,3.4768492100542634e-08,0,3.4768492100542634e-08
158,4.316922723007386e-08,0,4.316922723007386e-08
159,5.304822867160333e-08,0,5.304822867160333e-08
160,6.562524850894518e-08,0,6.562524850894518e-08
161,7.368032485401382e-08,0,7.368032485401382e-08
162,8.272401908347626e-08,0,8.272401908347626e-08
163,9.287775735085605e-08,0,9.287775735085605e-08
