Temperature: 20 C
Humidity: 34 %
Date: 1970-01-01 00:00:00.000000
voltage,pad,gr,totalCurrent
0,8.522832510985604e-11,0,8.522832510985604e-11
1,8.582254309223724e-11,0,8.582254309223724e-11
2,8.642109377819631e-11,0,8.642109377819631e-11
3,8.702381892590814e-11,0,8.702381892590814e-11
4,8.692946818261029e-11,0,8.692946818261029e-11
5,8.443495085638543e-11,0,8.443495085638543e-11
6,8.165333984096827e-11,0,8.165333984096827e-11
7,7.886234002324918e-11,0,7.886234002324918e-11
8,7.59736371225115e-11,0,7.59736371225115e-11
9,7.395849024872706e-11,0,7.395849024872706e-11
10,7.37266129932946e-11,0,7.37266129932946e-11
11,7.389193348743197e-11,0,7.389193348743197e-11
12,7.599098960540024e-11,0,7.599098960540024e-11
13,8.093126722335086e-11,0,8.093126722335086e-11
14,8.801799980295044e-11,0,8.801799980295044e-11
15,9.675234651017327e-11,0,9.675234651017327e-11
16,1.0919536218167345e-10,0,1.0919536218167345e-10
17,1.2526914805713574e-10,0,1.2526914805713574e-10
18,1.530698982092255e-10,0,1.530698982092255e-10
19,1.9234186804738744e-10,0,1.9234186804738744e-10
20,2.3817223723855923e-10,0,2.3817223723855923e-10
21,2.9256269528632467e-10,0,2.9256269528632467e-10
22,3.55118319949621e-10,0,3.55118319949621e-10
23,4.1547195879744783e-10,0,4.1547195879744783e-10
24,4.706830278021562e-10,0,4.706830278021562e-10
25,5.005457948235122e-10,0,5.005457948235122e-10
26,5.15111996978616e-10,0,5.15111996978616e-10
27,5.216916700109271e-10,0,5.216916700109271e-10
28,5.227730818142488e-10,0,5.227730818142488e-10
29,5.244230111131237e-10,0,5.244230111131237e-10
30,5.271026721701705e-10,0,5.271026721701705e-10
31,5.318358709718637e-10,0,5.318358709718637e-10
32,5.38409209832943e-10,0,5.38409209832943e-10
33,5.507776815868179e-10,0,5.507776815868179e-10
34,5.659437718407962e-10,0,5.659437718407962e-10
35,5.831182140124224e-10,0,5.831182140124224e-10
36,6.036147051040691e-10,0,6.036147051040691e-10
37,6.236171645825751e-10,0,6.236171645825751e-10
38,6.415562853014412e-10,0,6.415562853014412e-10
39,6.574337878703654e-10,0,6.574337878703654e-10
40,6.662101720750667e-10,0,6.662101720750667e-10
41,6.683201424295857e-10,0,6.683201424295857e-10
42,6.67072402249022e-10,0,6.67072402249022e-10
43,6.650656728921975e-10,0,6.650656728921975e-10
44,6.65363667052706e-10,0,6.65363667052706e-10
45,6.663272176958573e-10,0,6.663272176958573e-10
46,6.689882227847018e-10,0,6.689882227847018e-10
47,6.718294906366884e-10,0,6.718294906366884e-10
48,6.786561363087711e-10,0,6.786561363087711e-10
49,6.890067194606302e-10,0,6.890067194606302e-10
50,6.983839924698785e-10,0,6.983839924698785e-10
51,7.07616909624301e-10,0,7.07616909624301e-10
52,7.198130168924234e-10,0,7.198130168924234e-10
53,7.34965924654316e-10,0,7.34965924654316e-10
54,7.536415614446397e-10,0,7.536415614446397e-10
55,7.751371425895618e-10,0,7.751371425895618e-10
56,7.965021328032203e-10,0,7.965021328032203e-10
57,8.181343566034211e-10,0,8.181343566034211e-10
58,8.404685098935996e-10,0,8.404685098935996e-10
59,8.641198513094815e-10,0,8.641198513094815e-10
60,8.869007514967687e-10,0,8.869007514967687e-10
61,9.085488316361573e-10,0,9.085488316361573e-10
62,9.30688525341522e-10,0,9.30688525341522e-10
63,9.523445436591745e-10,0,9.523445436591745e-10
64,9.729350282172698e-10,0,9.729350282172698e-10
65,9.923960524679016e-10,0,9.923960524679016e-10
66,1.010427499804055e-09,0,1.010427499804055e-09
67,1.0266178374618679e-09,0,1.0266178374618679e-09
68,1.0439200070882408e-09,0,1.0439200070882408e-09
69,1.0642983031771377e-09,0,1.0642983031771377e-09
70,1.0865503169812626e-09,0,1.0865503169812626e-09
71,1.110552009481086e-09,0,1.110552009481086e-09
72,1.1344160882031607e-09,0,1.1344160882031607e-09
73,1.1565761909044438e-09,0,1.1565761909044438e-09
74,1.1773037281299137e-09,0,1.1773037281299137e-09
75,1.1971638940480226e-09,0,1.1971638940480226e-09
76,1.2122186762722596e-09,0,1.2122186762722596e-09
77,1.222779035946091e-09,0,1.222779035946091e-09
78,1.2322781065841885e-09,0,1.2322781065841885e-09
79,1.2424892522153068e-09,0,1.2424892522153068e-09
80,1.2535417679442903e-09,0,1.2535417679442903e-09
81,1.2682467950523398e-09,0,1.2682467950523398e-09
82,1.2858377521570381e-09,0,1.2858377521570381e-09
83,1.3067853641463803e-09,0,1.3067853641463803e-09
84,1.327636855223658e-09,0,1.327636855223658e-09
85,1.3472373744209595e-09,0,1.3472373744209595e-09
86,1.3659509495174207e-09,0,1.3659509495174207e-09
87,1.3876520404495297e-09,0,1.3876520404495297e-09
88,1.4053398847039318e-09,0,1.4053398847039318e-09
89,1.4160550316986712e-09,0,1.4160550316986712e-09
90,1.4196074633933342e-09,0,1.4196074633933342e-09
91,1.4228469519774768e-09,0,1.4228469519774768e-09
92,1.4287613013822293e-09,0,1.4287613013822293e-09
93,1.4425442458792722e-09,0,1.4425442458792722e-09
94,1.4556703942535464e-09,0,1.4556703942535464e-09
95,1.4729632443423285e-09,0,1.4729632443423285e-09
96,1.4988802766734668e-09,0,1.4988802766734668e-09
97,1.5345423887185484e-09,0,1.5345423887185484e-09
98,1.5710564415419277e-09,0,1.5710564415419277e-09
99,1.6054610914574226e-09,0,1.6054610914574226e-09
100,1.629657029476255e-09,0,1.629657029476255e-09
101,1.6492702760093158e-09,0,1.6492702760093158e-09
102,1.664533329983313e-09,0,1.664533329983313e-09
103,1.6721351255316969e-09,0,1.6721351255316969e-09
104,1.6710669530582376e-09,0,1.6710669530582376e-09
105,1.6699994629413745e-09,0,1.6699994629413745e-09
106,1.6717092430043745e-09,0,1.6717092430043745e-09
107,1.679915500931743e-09,0,1.679915500931743e-09
108,1.6955664087579818e-09,0,1.6955664087579818e-09
109,1.7208557857211178e-09,0,1.7208557857211178e-09
110,1.7582435808476584e-09,0,1.7582435808476584e-09
111,1.8111308536938145e-09,0,1.8111308536938145e-09
112,1.8799036435005384e-09,0,1.8799036435005384e-09
113,1.964849265699265e-09,0,1.964849265699265e-09
114,2.0566930446741104e-09,0,2.0566930446741104e-09
115,2.149301417603285e-09,0,2.149301417603285e-09
116,2.2374600369680613e-09,0,2.2374600369680613e-09
117,2.3165030594083533e-09,0,2.3165030594083533e-09
118,2.379427481098268e-09,0,2.379427481098268e-09
119,2.43144392319696e-09,0,2.43144392319696e-09
120,2.4633343402948997e-09,0,2.4633343402948997e-09
121,2.5073487493821644e-09,0,2.5073487493821644e-09
122,2.5603000402206985e-09,0,2.5603000402206985e-09
123,2.6288422060188007e-09,0,2.6288422060188007e-09
124,2.7140603423676944e-09,0,2.7140603423676944e-09
125,2.8186168826382774e-09,0,2.8186168826382774e-09
126,2.9318781696032146e-09,0,2.9318781696032146e-09
127,3.069584691926357e-09,0,3.069584691926357e-09
128,3.212813592909093e-09,0,3.212813592909093e-09
129,3.3644022971947485e-09,0,3.3644022971947485e-09
130,3.5179482288925268e-09,0,3.5179482288925268e-09
131,3.6791157060095605e-09,0,3.6791157060095605e-09
132,3.845487471357202e-09,0,3.845487471357202e-09
133,4.021404379740123e-09,0,4.021404379740123e-09
134,4.1958034153972964e-09,0,4.1958034153972964e-09
135,4.365353487995567e-09,0,4.365353487995567e-09
136,4.540488550099757e-09,0,4.540488550099757e-09
137,4.711669921234968e-09,0,4.711669921234968e-09
138,4.879801721598636e-09,0,4.879801721598636e-09
139,5.0616188211891076e-09,0,5.0616188211891076e-09
140,5.247697539888556e-09,0,5.247697539888556e-09
141,5.4197258369586334e-09,0,5.4197258369586334e-09
142,5.60313654065092e-09,0,5.60313654065092e-09
143,5.801843597067489e-09,0,5.801843597067489e-09
144,6.042884283849521e-09,0,6.042884283849521e-09
145,6.335330217162135e-09,0,6.335330217162135e-09
146,6.6839352521160675e-09,0,6.6839352521160675e-09
147,7.10850102529393e-09,0,7.10850102529393e-09
148,7.681087396514968e-09,0,7.681087396514968e-09
149,8.533432028046998e-09,0,8.533432028046998e-09
150,9.609025968382108e-09,0,9.609025968382108e-09
151,1.0936910377924351e-08,0,1.0936910377924351e-08
152,1.2661166961124105e-08,0,1.2661166961124105e-08
153,1.5457741555504392e-08,0,1.5457741555504392e-08
154,2.029567802153434e-08,0,2.029567802153434e-08
155,2.6216678668138354e-08,0,2.6216678668138354e-08
156,3.1517955966208445e-08,0,3.1517955966208445e-08
157,3.6617344646340984e-08,0,3.6617344646340984e-08
158,4.169969928797893e-08,0,4.169969928797893e-08
159,4.64550782015364e-08,0,4.64550782015364e-08
160,4.843110715138586e-08,0,4.843110715138586e-08
161,4.658798487260659e-08,0,4.658798487260659e-08
162,4.816236298972657e-08,0,4.816236298972657e-08
163,5.1651255563922126e-08,0,5.1651255563922126e-08
164,5.7349125791097727e-08,0,5.7349125791097727e-08
165,6.367555237709322e-08,0,6.367555237709322e-08
166,7.069979642837232e-08,0,7.069979642837232e-08
