Temperature: 20 C
Humidity: 2 %
Date: 1970-01-01 00:00:00.000000
voltage,pad,gr,totalCurrent
0,4.653880295713091e-10,0,4.653880295713091e-10
1,4.679725454481341e-10,0,4.679725454481341e-10
2,4.705724476785538e-10,0,4.705724476785538e-10
3,4.731857550370219e-10,0,4.731857550370219e-10
4,4.784706983955449e-10,0,4.784706983955449e-10
5,4.967494881477745e-10,0,4.967494881477745e-10
6,5.194134955102892e-10,0,5.194134955102892e-10
7,5.438789407364172e-10,0,5.438789407364172e-10
8,5.720624319435997e-10,0,5.720624319435997e-10
9,6.162592493818287e-10,0,6.162592493818287e-10
10,6.687723084435969e-10,0,6.687723084435969e-10
11,7.306629385462882e-10,0,7.306629385462882e-10
12,7.887688807294223e-10,0,7.887688807294223e-10
13,8.803559005472547e-10,0,8.803559005472547e-10
14,1.018480433830457e-09,0,1.018480433830457e-09
15,1.199108207381151e-09,0,1.199108207381151e-09
16,1.4159337648986867e-09,0,1.4159337648986867e-09
17,1.7224209431193516e-09,0,1.7224209431193516e-09
18,2.1839176563527518e-09,0,2.1839176563527518e-09
19,2.844470451776085e-09,0,2.844470451776085e-09
20,3.5757774048530747e-09,0,3.5757774048530747e-09
21,4.358859049165525e-09,0,4.358859049165525e-09
22,5.193154141571722e-09,0,5.193154141571722e-09
23,6.008441868033057e-09,0,6.008441868033057e-09
24,6.69454071257506e-09,0,6.69454071257506e-09
25,7.103663673320277e-09,0,7.103663673320277e-09
26,7.236213557660234e-09,0,7.236213557660234e-09
27,7.358961328257913e-09,0,7.358961328257913e-09
28,7.470081634582267e-09,0,7.470081634582267e-09
29,7.627436103935536e-09,0,7.627436103935536e-09
30,7.789422153603157e-09,0,7.789422153603157e-09
31,7.961611406777806e-09,0,7.961611406777806e-09
32,8.092060482861779e-09,0,8.092060482861779e-09
33,8.245931798540254e-09,0,8.245931798540254e-09
34,8.395406863689947e-09,0,8.395406863689947e-09
35,8.513760360983546e-09,0,8.513760360983546e-09
36,8.59887362824302e-09,0,8.59887362824302e-09
37,8.680814698726804e-09,0,8.680814698726804e-09
38,8.782859604804864e-09,0,8.782859604804864e-09
39,8.90530620577428e-09,0,8.90530620577428e-09
40,9.023671999070267e-09,0,9.023671999070267e-09
41,9.152771492596126e-09,0,9.152771492596126e-09
42,9.29332488050406e-09,0,9.29332488050406e-09
43,9.428518024974502e-09,0,9.428518024974502e-09
44,9.591739031469589e-09,0,9.591739031469589e-09
45,9.741108042174345e-09,0,9.741108042174345e-09
46,9.87442019755391e-09,0,9.87442019755391e-09
47,9.987008621825238e-09,0,9.987008621825238e-09
48,1.0071921126288361e-08,0,1.0071921126288361e-08
49,1.0161370477410354e-08,0,1.0161370477410354e-08
50,1.0258775450060812e-08,0,1.0258775450060812e-08
51,1.033565529015178e-08,0,1.033565529015178e-08
52,1.0445460092408108e-08,0,1.0445460092408108e-08
53,1.0579847048160939e-08,0,1.0579847048160939e-08
54,1.0743353118943742e-08,0,1.0743353118943742e-08
55,1.0945547732685495e-08,0,1.0945547732685495e-08
56,1.1146394233242565e-08,0,1.1146394233242565e-08
57,1.136451881767983e-08,0,1.136451881767983e-08
58,1.1605755681237408e-08,0,1.1605755681237408e-08
59,1.179525267546089e-08,0,1.179525267546089e-08
60,1.1989344326538579e-08,0,1.1989344326538579e-08
61,1.2180917672723766e-08,0,1.2180917672723766e-08
62,1.236498527508852e-08,0,1.236498527508852e-08
63,1.254922993730916e-08,0,1.254922993730916e-08
64,1.273142438730842e-08,0,1.273142438730842e-08
65,1.2910380016033008e-08,0,1.2910380016033008e-08
66,1.3133112725666824e-08,0,1.3133112725666824e-08
67,1.3359292028553083e-08,0,1.3359292028553083e-08
68,1.3583131244509926e-08,0,1.3583131244509926e-08
69,1.3785875041182669e-08,0,1.3785875041182669e-08
70,1.4010430278442677e-08,0,1.4010430278442677e-08
71,1.4219177308364573e-08,0,1.4219177308364573e-08
72,1.4426234407123631e-08,0,1.4426234407123631e-08
73,1.4596250696316936e-08,0,1.4596250696316936e-08
74,1.4755903843621728e-08,0,1.4755903843621728e-08
75,1.4919105022010204e-08,0,1.4919105022010204e-08
76,1.5102107973281275e-08,0,1.5102107973281275e-08
77,1.5268769367251098e-08,0,1.5268769367251098e-08
78,1.5456672359441712e-08,0,1.5456672359441712e-08
79,1.564881199034826e-08,0,1.564881199034826e-08
80,1.585240563738694e-08,0,1.585240563738694e-08
81,1.6061804460259683e-08,0,1.6061804460259683e-08
82,1.629560410400374e-08,0,1.629560410400374e-08
83,1.6562403599203547e-08,0,1.6562403599203547e-08
84,1.6879303670734553e-08,0,1.6879303670734553e-08
85,1.7197206143064637e-08,0,1.7197206143064637e-08
86,1.751801822819857e-08,0,1.751801822819857e-08
87,1.784534404434178e-08,0,1.784534404434178e-08
88,1.8195140194176764e-08,0,1.8195140194176764e-08
89,1.8535810037418713e-08,0,1.8535810037418713e-08
90,1.886721166624614e-08,0,1.886721166624614e-08
91,1.9164075327874016e-08,0,1.9164075327874016e-08
92,1.9460737648795282e-08,0,1.9460737648795282e-08
93,1.9814353380192487e-08,0,1.9814353380192487e-08
94,2.021805635620844e-08,0,2.021805635620844e-08
95,2.0621265747551788e-08,0,2.0621265747551788e-08
96,2.1052408678723666e-08,0,2.1052408678723666e-08
97,2.1461368403486035e-08,0,2.1461368403486035e-08
98,2.1857047855324907e-08,0,2.1857047855324907e-08
99,2.2299014763137654e-08,0,2.2299014763137654e-08
100,2.2725552676215863e-08,0,2.2725552676215863e-08
101,2.30743827679604e-08,0,2.30743827679604e-08
102,2.334180833234949e-08,0,2.334180833234949e-08
103,2.353390998483642e-08,0,2.353390998483642e-08
104,2.3695466342055152e-08,0,2.3695466342055152e-08
105,2.3878022222770506e-08,0,2.3878022222770506e-08
106,2.401165613619557e-08,0,2.401165613619557e-08
107,2.412354029579698e-08,0,2.412354029579698e-08
108,2.425282243562287e-08,0,2.425282243562287e-08
109,2.4425722768317673e-08,0,2.4425722768317673e-08
110,2.4655964556701086e-08,0,2.4655964556701086e-08
111,2.4965172755186254e-08,0,2.4965172755186254e-08
112,2.532359460584558e-08,0,2.532359460584558e-08
113,2.5654241782653844e-08,0,2.5654241782653844e-08
114,2.5991346398145347e-08,0,2.5991346398145347e-08
115,2.6437693779365675e-08,0,2.6437693779365675e-08
116,2.6985111095364282e-08,0,2.6985111095364282e-08
117,2.7611597723424208e-08,0,2.7611597723424208e-08
118,2.8305132761599547e-08,0,2.8305132761599547e-08
119,2.9045220922927927e-08,0,2.9045220922927927e-08
120,2.9997404750774684e-08,0,2.9997404750774684e-08
121,3.107557998012464e-08,0,3.107557998012464e-08
122,3.220654272007793e-08,0,3.220654272007793e-08
123,3.332930017610078e-08,0,3.332930017610078e-08
124,3.441803559580237e-08,0,3.441803559580237e-08
125,3.541266190858449e-08,0,3.541266190858449e-08
126,3.6278312984791735e-08,0,3.6278312984791735e-08
127,3.700071572725732e-08,0,3.700071572725732e-08
128,3.762389656809088e-08,0,3.762389656809088e-08
129,3.821735343117365e-08,0,3.821735343117365e-08
130,3.882980510394216e-08,0,3.882980510394216e-08
131,3.945869962787938e-08,0,3.945869962787938e-08
132,4.016506344703677e-08,0,4.016506344703677e-08
133,4.105369946625864e-08,0,4.105369946625864e-08
134,4.2008924244800024e-08,0,4.2008924244800024e-08
135,4.3060396631842325e-08,0,4.3060396631842325e-08
136,4.4294559161674696e-08,0,4.4294559161674696e-08
137,4.57141229647274e-08,0,4.57141229647274e-08
138,4.718741836651675e-08,0,4.718741836651675e-08
139,4.859244335017032e-08,0,4.859244335017032e-08
140,5.0093999762820926e-08,0,5.0093999762820926e-08
141,5.1920594987176966e-08,0,5.1920594987176966e-08
142,5.39215551534546e-08,0,5.39215551534546e-08
143,5.587072109066884e-08,0,5.587072109066884e-08
144,5.7861686829701037e-08,0,5.7861686829701037e-08
145,6.006997294859009e-08,0,6.006997294859009e-08
146,6.267541324389528e-08,0,6.267541324389528e-08
147,6.543961282092623e-08,0,6.543961282092623e-08
148,6.80344475753188e-08,0,6.80344475753188e-08
149,7.033404331683615e-08,0,7.033404331683615e-08
150,7.247838562500686e-08,0,7.247838562500686e-08
151,7.464653991343668e-08,0,7.464653991343668e-08
152,7.693486222537314e-08,0,7.693486222537314e-08
153,7.931397014324867e-08,0,7.931397014324867e-08
154,8.191743238197999e-08,0,8.191743238197999e-08
155,8.528036987974314e-08,0,8.528036987974314e-08
156,8.979108967266853e-08,0,8.979108967266853e-08
157,9.523581370038598e-08,0,9.523581370038598e-08
158,1.0112954286987743e-07,0,1.0112954286987743e-07
159,1.0889771722829881e-07,0,1.0889771722829881e-07
160,1.180998680905433e-07,0,1.180998680905433e-07
161,1.3090111908115642e-07,0,1.3090111908115642e-07
162,1.480566093019697e-07,0,1.480566093019697e-07
163,1.662359920540249e-07,0,1.662359920540249e-07
164,1.9361761501792897e-07,0,1.9361761501792897e-07
165,2.248606450360174e-07,0,2.248606450360174e-07
166,2.5642414250926935e-07,0,2.5642414250926935e-07
167,2.891460525227138e-07,0,2.891460525227138e-07
168,3.216597336544669e-07,0,3.216597336544669e-07
169,3.547784854564143e-07,0,3.547784854564143e-07
170,4.008523448405732e-07,0,4.008523448405732e-07
171,4.3680815430480865e-07,0,4.3680815430480865e-07
172,4.948175939656716e-07,0,4.948175939656716e-07
173,5.69599314555566e-07,0,5.69599314555566e-07
174,6.718302282777461e-07,0,6.718302282777461e-07
175,7.831768890401309e-07,0,7.831768890401309e-07
176,8.869523633327551e-07,0,8.869523633327551e-07
177,9.682078283900321e-07,0,9.682078283900321e-07
178,1.046527379869084e-06,0,1.046527379869084e-06
179,1.1199856435864386e-06,0,1.1199856435864386e-06
180,1.2666339349775668e-06,0,1.2666339349775668e-06
181,1.4218677731177346e-06,0,1.4218677731177346e-06
182,1.8162127390704717e-06,0,1.8162127390704717e-06
183,2.3919664980643147e-06,0,2.3919664980643147e-06
184,3.1502387384367192e-06,0,3.1502387384367192e-06
185,4.1488847026257574e-06,0,4.1488847026257574e-06
