Temperature: 110 C
Humidity: 10 %
Date: 1970-01-01 00:00:00.000000
voltage,pad,gr,totalCurrent
26,2.3082465954720422e-08,0,2.3082465954720422e-08
27,2.3462366717481074e-08,0,2.3462366717481074e-08
28,2.3621097678935604e-08,0,2.3621097678935604e-08
29,2.368971736435154e-08,0,2.368971736435154e-08
30,2.376448471584918e-08,0,2.376448471584918e-08
31,2.3870761198965166e-08,0,2.3870761198965166e-08
32,2.4014266293571516e-08,0,2.4014266293571516e-08
33,2.4221101925835193e-08,0,2.4221101925835193e-08
34,2.4514572493129444e-08,0,2.4514572493129444e-08
35,2.4857080294925266e-08,0,2.4857080294925266e-08
36,2.5258200186347226e-08,0,2.5258200186347226e-08
37,2.5713037842074567e-08,0,2.5713037842074567e-08
38,2.6186357020769197e-08,0,2.6186357020769197e-08
39,2.667597373968894e-08,0,2.667597373968894e-08
40,2.7162127009488247e-08,0,2.7162127009488247e-08
41,2.7583266454545125e-08,0,2.7583266454545125e-08
42,2.7928756370867185e-08,0,2.7928756370867185e-08
43,2.8238766242805327e-08,0,2.8238766242805327e-08
44,2.8536076988857202e-08,0,2.8536076988857202e-08
45,2.8809491890885618e-08,0,2.8809491890885618e-08
46,2.9059319916694348e-08,0,2.9059319916694348e-08
47,2.927088876236781e-08,0,2.927088876236781e-08
48,2.947690929448572e-08,0,2.947690929448572e-08
49,2.974970124623118e-08,0,2.974970124623118e-08
50,3.0075036125967115e-08,0,3.0075036125967115e-08
51,3.044745697105573e-08,0,3.044745697105573e-08
52,3.0905584702303854e-08,0,3.0905584702303854e-08
53,3.140141335983207e-08,0,3.140141335983207e-08
54,3.1959435104919025e-08,0,3.1959435104919025e-08
55,3.254262655010995e-08,0,3.254262655010995e-08
56,3.30894145370877e-08,0,3.30894145370877e-08
57,3.356053213300223e-08,0,3.356053213300223e-08
58,3.3978538938330997e-08,0,3.3978538938330997e-08
59,3.433330250181678e-08,0,3.433330250181678e-08
60,3.471981573728957e-08,0,3.471981573728957e-08
61,3.506171726366584e-08,0,3.506171726366584e-08
62,3.5462582179804115e-08,0,3.5462582179804115e-08
63,3.586999936754581e-08,0,3.586999936754581e-08
64,3.631784792332252e-08,0,3.631784792332252e-08
65,3.67315417750601e-08,0,3.67315417750601e-08
66,3.711521192917542e-08,0,3.711521192917542e-08
67,3.744401216137249e-08,0,3.744401216137249e-08
68,3.7839320159391293e-08,0,3.7839320159391293e-08
69,3.817520583002835e-08,0,3.817520583002835e-08
70,3.848815992235194e-08,0,3.848815992235194e-08
71,3.877497453796699e-08,0,3.877497453796699e-08
72,3.905329109262499e-08,0,3.905329109262499e-08
73,3.9301660187141204e-08,0,3.9301660187141204e-08
74,3.950694871488957e-08,0,3.950694871488957e-08
75,3.9662892269515284e-08,0,3.9662892269515284e-08
76,3.983519371491252e-08,0,3.983519371491252e-08
77,4.0046346831470574e-08,0,4.0046346831470574e-08
78,4.0322099465581404e-08,0,4.0322099465581404e-08
79,4.06239187178935e-08,0,4.06239187178935e-08
80,4.1044369951152436e-08,0,4.1044369951152436e-08
81,4.1549841754722784e-08,0,4.1549841754722784e-08
82,4.2077474313357734e-08,0,4.2077474313357734e-08
83,4.2648643644270606e-08,0,4.2648643644270606e-08
84,4.3306948056107054e-08,0,4.3306948056107054e-08
85,4.4030926108345634e-08,0,4.4030926108345634e-08
86,4.4866799089448406e-08,0,4.4866799089448406e-08
87,4.561630280453676e-08,0,4.561630280453676e-08
88,4.637975286610563e-08,0,4.637975286610563e-08
89,4.715976003708263e-08,0,4.715976003708263e-08
90,4.792856699036576e-08,0,4.792856699036576e-08
91,4.8608184877515704e-08,0,4.8608184877515704e-08
92,4.9238747303190345e-08,0,4.9238747303190345e-08
93,4.9821498103452925e-08,0,4.9821498103452925e-08
94,5.04843708216871e-08,0,5.04843708216871e-08
95,5.107345166554627e-08,0,5.107345166554627e-08
96,5.165562248905429e-08,0,5.165562248905429e-08
97,5.225940298018614e-08,0,5.225940298018614e-08
98,5.2927973316420305e-08,0,5.2927973316420305e-08
99,5.363453303022175e-08,0,5.363453303022175e-08
100,5.4338293016140356e-08,0,5.4338293016140356e-08
101,5.4925888148346554e-08,0,5.4925888148346554e-08
102,5.549265651087704e-08,0,5.549265651087704e-08
103,5.6018017136482896e-08,0,5.6018017136482896e-08
104,5.6463727191201e-08,0,5.6463727191201e-08
105,5.688193545913193e-08,0,5.688193545913193e-08
106,5.717641619440788e-08,0,5.717641619440788e-08
107,5.741855735380477e-08,0,5.741855735380477e-08
108,5.7770656906968414e-08,0,5.7770656906968414e-08
109,5.814259606449814e-08,0,5.814259606449814e-08
110,5.8592342633315685e-08,0,5.8592342633315685e-08
111,5.9090966233721714e-08,0,5.9090966233721714e-08
112,5.95785895470581e-08,0,5.95785895470581e-08
113,6.008488047333796e-08,0,6.008488047333796e-08
114,6.069455327095571e-08,0,6.069455327095571e-08
115,6.125100087391651e-08,0,6.125100087391651e-08
116,6.202186791561987e-08,0,6.202186791561987e-08
117,6.28343706356859e-08,0,6.28343706356859e-08
118,6.375936336805337e-08,0,6.375936336805337e-08
119,6.459313838482496e-08,0,6.459313838482496e-08
120,6.566388069901078e-08,0,6.566388069901078e-08
121,6.692688686796047e-08,0,6.692688686796047e-08
122,6.844413013230712e-08,0,6.844413013230712e-08
123,6.997187252115593e-08,0,6.997187252115593e-08
124,7.159130941322251e-08,0,7.159130941322251e-08
125,7.319749709023448e-08,0,7.319749709023448e-08
126,7.50607571640255e-08,0,7.50607571640255e-08
127,7.682251309397032e-08,0,7.682251309397032e-08
128,7.836155585185574e-08,0,7.836155585185574e-08
129,7.984135127717099e-08,0,7.984135127717099e-08
130,8.137794625456778e-08,0,8.137794625456778e-08
131,8.302830453634679e-08,0,8.302830453634679e-08
132,8.476898076371475e-08,0,8.476898076371475e-08
133,8.661145616173898e-08,0,8.661145616173898e-08
134,8.856561611006016e-08,0,8.856561611006016e-08
135,9.066086790489935e-08,0,9.066086790489935e-08
136,9.27695220718865e-08,0,9.27695220718865e-08
137,9.482357244220149e-08,0,9.482357244220149e-08
138,9.679750480641981e-08,0,9.679750480641981e-08
139,9.88827475881816e-08,0,9.88827475881816e-08
140,1.0090716054854837e-07,0,1.0090716054854837e-07
141,1.0303092206472708e-07,0,1.0303092206472708e-07
142,1.0529263517930743e-07,0,1.0529263517930743e-07
143,1.0752286215027139e-07,0,1.0752286215027139e-07
144,1.0987751111919156e-07,0,1.0987751111919156e-07
145,1.12349700361859e-07,0,1.12349700361859e-07
146,1.1492002654094355e-07,0,1.1492002654094355e-07
147,1.1776036565350838e-07,0,1.1776036565350838e-07
148,1.209017944745146e-07,0,1.209017944745146e-07
149,1.2422328088616399e-07,0,1.2422328088616399e-07
150,1.27971389212154e-07,0,1.27971389212154e-07
151,1.3216897220818408e-07,0,1.3216897220818408e-07
152,1.3681964295661262e-07,0,1.3681964295661262e-07
153,1.4158669171290618e-07,0,1.4158669171290618e-07
154,1.465764713560212e-07,0,1.465764713560212e-07
155,1.51147151590917e-07,0,1.51147151590917e-07
156,1.560156494558342e-07,0,1.560156494558342e-07
157,1.6096901505586976e-07,0,1.6096901505586976e-07
158,1.660366171755119e-07,0,1.660366171755119e-07
159,1.716771917903427e-07,0,1.716771917903427e-07
160,1.7846343337791114e-07,0,1.7846343337791114e-07
161,1.8525372635393024e-07,0,1.8525372635393024e-07
162,1.9221308935315327e-07,0,1.9221308935315327e-07
163,1.9906985880762462e-07,0,1.9906985880762462e-07
164,2.067628942916926e-07,0,2.067628942916926e-07
165,2.1549370186440846e-07,0,2.1549370186440846e-07
166,2.254985180115784e-07,0,2.254985180115784e-07
167,2.3583029906783102e-07,0,2.3583029906783102e-07
168,2.488386820374113e-07,0,2.488386820374113e-07
169,2.6753937882490976e-07,0,2.6753937882490976e-07
170,2.9106898640235166e-07,0,2.9106898640235166e-07
171,3.1827698325075296e-07,0,3.1827698325075296e-07
172,3.483360207944942e-07,0,3.483360207944942e-07
173,3.768587043895905e-07,0,3.768587043895905e-07
174,4.0570385383788196e-07,0,4.0570385383788196e-07
175,4.3146671674718463e-07,0,4.3146671674718463e-07
176,4.5204174933050824e-07,0,4.5204174933050824e-07
177,4.7208457838314404e-07,0,4.7208457838314404e-07
178,4.989452392994272e-07,0,4.989452392994272e-07
179,5.365249702179151e-07,0,5.365249702179151e-07
180,6.009774613378223e-07,0,6.009774613378223e-07
181,6.902591081776103e-07,0,6.902591081776103e-07
182,8.670946019273946e-07,0,8.670946019273946e-07
183,1.083767070720535e-06,0,1.083767070720535e-06
184,1.317742667742086e-06,0,1.317742667742086e-06
185,1.5639107317471087e-06,0,1.5639107317471087e-06
186,1.8458148883408179e-06,0,1.8458148883408179e-06
187,2.1173343907936305e-06,0,2.1173343907936305e-06
188,2.446004762407107e-06,0,2.446004762407107e-06
189,2.616066576963244e-06,0,2.616066576963244e-06
190,2.9899055068557716e-06,0,2.9899055068557716e-06
191,3.527978117426004e-06,0,3.527978117426004e-06
192,4.1628839334544015e-06,0,4.1628839334544015e-06
193,4.912049357056779e-06,0,4.912049357056779e-06
