Temperature: -20 C
Humidity: 10 %
Date: 1970-01-01 00:00:00.000000
voltage,pad,gr,totalCurrent
26,1.509917333608648e-11,0,1.509917333608648e-11
27,1.548390047243949e-11,0,1.548390047243949e-11
28,1.5740123403634443e-11,0,1.5740123403634443e-11
29,1.6022314990928503e-11,0,1.6022314990928503e-11
30,1.6293671894333227e-11,0,1.6293671894333227e-11
31,1.6446988457508225e-11,0,1.6446988457508225e-11
32,1.6611411328818134e-11,0,1.6611411328818134e-11
33,1.6797531948069565e-11,0,1.6797531948069565e-11
34,1.710352521823062e-11,0,1.710352521823062e-11
35,1.7460315150301006e-11,0,1.7460315150301006e-11
36,1.7853143937810378e-11,0,1.7853143937810378e-11
37,1.8194780602691534e-11,0,1.8194780602691534e-11
38,1.856503752107858e-11,0,1.856503752107858e-11
39,1.9022237033228044e-11,0,1.9022237033228044e-11
40,1.9623397465770933e-11,0,1.9623397465770933e-11
41,2.023862269394919e-11,0,2.023862269394919e-11
42,2.087098206260651e-11,0,2.087098206260651e-11
43,2.1500519786896247e-11,0,2.1500519786896247e-11
44,2.219452044423065e-11,0,2.219452044423065e-11
45,2.2955137476828272e-11,0,2.2955137476828272e-11
46,2.3726081659874365e-11,0,2.3726081659874365e-11
47,2.4352805264574384e-11,0,2.4352805264574384e-11
48,2.488987964774685e-11,0,2.488987964774685e-11
49,2.532581904326857e-11,0,2.532581904326857e-11
50,2.573795038477074e-11,0,2.573795038477074e-11
51,2.6122233507697183e-11,0,2.6122233507697183e-11
52,2.6477520423672173e-11,0,2.6477520423672173e-11
53,2.677630137354569e-11,0,2.677630137354569e-11
54,2.7090348880115555e-11,0,2.7090348880115555e-11
55,2.7348019951361827e-11,0,2.7348019951361827e-11
56,2.7569308477056908e-11,0,2.7569308477056908e-11
57,2.775689094487456e-11,0,2.775689094487456e-11
58,2.7971781253739248e-11,0,2.7971781253739248e-11
59,2.822209048761054e-11,0,2.822209048761054e-11
60,2.852896564325847e-11,0,2.852896564325847e-11
61,2.8967130736696843e-11,0,2.8967130736696843e-11
62,2.951949923522375e-11,0,2.951949923522375e-11
63,3.016131176785297e-11,0,3.016131176785297e-11
64,3.0917191980458946e-11,0,3.0917191980458946e-11
65,3.166565071793611e-11,0,3.166565071793611e-11
66,3.23650679259403e-11,0,3.23650679259403e-11
67,3.305807591339017e-11,0,3.305807591339017e-11
68,3.377993945875304e-11,0,3.377993945875304e-11
69,3.4473706806813376e-11,0,3.4473706806813376e-11
70,3.5120974588019514e-11,0,3.5120974588019514e-11
71,3.565145783273897e-11,0,3.565145783273897e-11
72,3.611366348995073e-11,0,3.611366348995073e-11
73,3.6513483667024125e-11,0,3.6513483667024125e-11
74,3.6805055616286827e-11,0,3.6805055616286827e-11
75,3.70746868753506e-11,0,3.70746868753506e-11
76,3.737229944315697e-11,0,3.737229944315697e-11
77,3.7707558491405116e-11,0,3.7707558491405116e-11
78,3.8104519209159915e-11,0,3.8104519209159915e-11
79,3.8585900695803805e-11,0,3.8585900695803805e-11
80,3.9132697636816276e-11,0,3.9132697636816276e-11
81,3.980262269363843e-11,0,3.980262269363843e-11
82,4.061473146436062e-11,0,4.061473146436062e-11
83,4.141056977312353e-11,0,4.141056977312353e-11
84,4.215391110723495e-11,0,4.215391110723495e-11
85,4.2771458547371816e-11,0,4.2771458547371816e-11
86,4.332654276460216e-11,0,4.332654276460216e-11
87,4.394901078448106e-11,0,4.394901078448106e-11
88,4.4451094772820594e-11,0,4.4451094772820594e-11
89,4.447198841041408e-11,0,4.447198841041408e-11
90,4.4382234881255435e-11,0,4.4382234881255435e-11
91,4.4360993757455414e-11,0,4.4360993757455414e-11
92,4.4436162816400367e-11,0,4.4436162816400367e-11
93,4.4593051966357293e-11,0,4.4593051966357293e-11
94,4.4784213776607994e-11,0,4.4784213776607994e-11
95,4.4985381046724926e-11,0,4.4985381046724926e-11
96,4.532379785786871e-11,0,4.532379785786871e-11
97,4.56905387197193e-11,0,4.56905387197193e-11
98,4.603456356647741e-11,0,4.603456356647741e-11
99,4.64167377222671e-11,0,4.64167377222671e-11
100,4.6802084648124273e-11,0,4.6802084648124273e-11
101,4.7107078012474645e-11,0,4.7107078012474645e-11
102,4.767601018374178e-11,0,4.767601018374178e-11
103,4.8277780025461096e-11,0,4.8277780025461096e-11
104,4.899353961033945e-11,0,4.899353961033945e-11
105,5.02075956656325e-11,0,5.02075956656325e-11
106,5.160675667428044e-11,0,5.160675667428044e-11
107,5.294796786049034e-11,0,5.294796786049034e-11
108,5.423285483395521e-11,0,5.423285483395521e-11
109,5.5401399636916616e-11,0,5.5401399636916616e-11
110,5.7008357695270915e-11,0,5.7008357695270915e-11
111,5.894406751475408e-11,0,5.894406751475408e-11
112,6.070161753033446e-11,0,6.070161753033446e-11
113,6.276535007363471e-11,0,6.276535007363471e-11
114,6.594203852916367e-11,0,6.594203852916367e-11
115,6.947161026880363e-11,0,6.947161026880363e-11
116,7.323737036893534e-11,0,7.323737036893534e-11
117,7.786172896912683e-11,0,7.786172896912683e-11
118,8.363959450543291e-11,0,8.363959450543291e-11
119,9.05145600448406e-11,0,9.05145600448406e-11
120,9.90762983643576e-11,0,9.90762983643576e-11
121,1.1178234660341517e-10,0,1.1178234660341517e-10
122,1.3138117282901025e-10,0,1.3138117282901025e-10
123,1.5859717539799454e-10,0,1.5859717539799454e-10
124,1.965548362442186e-10,0,1.965548362442186e-10
125,2.504542297943438e-10,0,2.504542297943438e-10
126,3.2480193972709286e-10,0,3.2480193972709286e-10
127,4.355701535824777e-10,0,4.355701535824777e-10
128,6.111852530189368e-10,0,6.111852530189368e-10
129,8.735140093835883e-10,0,8.735140093835883e-10
130,1.5638695216859287e-09,0,1.5638695216859287e-09
131,2.7386361230689952e-09,0,2.7386361230689952e-09
132,4.795878243405414e-09,0,4.795878243405414e-09
133,8.398504617617629e-09,0,8.398504617617629e-09
