Temperature: 20 C
Humidity: 72 %
Date: 1970-01-01 00:00:00.000000
voltage,pad,gr,totalCurrent
26,5.995328134542385e-11,0,5.995328134542385e-11
27,6.054200623572274e-11,0,6.054200623572274e-11
28,6.072788245780558e-11,0,6.072788245780558e-11
29,6.124763841448741e-11,0,6.124763841448741e-11
30,6.197918553026544e-11,0,6.197918553026544e-11
31,6.271933258181365e-11,0,6.271933258181365e-11
32,6.363173195446562e-11,0,6.363173195446562e-11
33,6.484867285023244e-11,0,6.484867285023244e-11
34,6.62983447348869e-11,0,6.62983447348869e-11
35,6.738018808454429e-11,0,6.738018808454429e-11
36,6.787008459428664e-11,0,6.787008459428664e-11
37,6.776330912860312e-11,0,6.776330912860312e-11
38,6.743406751028794e-11,0,6.743406751028794e-11
39,6.720375375072711e-11,0,6.720375375072711e-11
40,6.699187730357215e-11,0,6.699187730357215e-11
41,6.650773564230461e-11,0,6.650773564230461e-11
42,6.609222540959642e-11,0,6.609222540959642e-11
43,6.575247453433736e-11,0,6.575247453433736e-11
44,6.583540488520716e-11,0,6.583540488520716e-11
45,6.666696941914492e-11,0,6.666696941914492e-11
46,6.758705890999435e-11,0,6.758705890999435e-11
47,6.867545238590258e-11,0,6.867545238590258e-11
48,6.992863274389678e-11,0,6.992863274389678e-11
49,7.106097542066375e-11,0,7.106097542066375e-11
50,7.214587705000954e-11,0,7.214587705000954e-11
51,7.33091326216214e-11,0,7.33091326216214e-11
52,7.397700692459797e-11,0,7.397700692459797e-11
53,7.456888341617087e-11,0,7.456888341617087e-11
54,7.512539721898096e-11,0,7.512539721898096e-11
55,7.559686739249155e-11,0,7.559686739249155e-11
56,7.617895026064041e-11,0,7.617895026064041e-11
57,7.71543777123459e-11,0,7.71543777123459e-11
58,7.825219227442243e-11,0,7.825219227442243e-11
59,7.955285064007718e-11,0,7.955285064007718e-11
60,8.115425486840056e-11,0,8.115425486840056e-11
61,8.262262694272456e-11,0,8.262262694272456e-11
62,8.399279234679234e-11,0,8.399279234679234e-11
63,8.522795080214738e-11,0,8.522795080214738e-11
64,8.602802065875845e-11,0,8.602802065875845e-11
65,8.671898105110137e-11,0,8.671898105110137e-11
66,8.715768970227079e-11,0,8.715768970227079e-11
67,8.731573038016242e-11,0,8.731573038016242e-11
68,8.747405762893442e-11,0,8.747405762893442e-11
69,8.774030862903886e-11,0,8.774030862903886e-11
70,8.80715546927664e-11,0,8.80715546927664e-11
71,8.86497698233036e-11,0,8.86497698233036e-11
72,8.89649112819833e-11,0,8.89649112819833e-11
73,8.965465064137034e-11,0,8.965465064137034e-11
74,9.064603738429564e-11,0,9.064603738429564e-11
75,9.164838672276971e-11,0,9.164838672276971e-11
76,9.266772091763089e-11,0,9.266772091763089e-11
77,9.361078223453284e-11,0,9.361078223453284e-11
78,9.436223147451834e-11,0,9.436223147451834e-11
79,9.510383971275413e-11,0,9.510383971275413e-11
80,9.56800975655299e-11,0,9.56800975655299e-11
81,9.59563641437389e-11,0,9.59563641437389e-11
82,9.637765700169813e-11,0,9.637765700169813e-11
83,9.730183546555465e-11,0,9.730183546555465e-11
84,9.829810099948659e-11,0,9.829810099948659e-11
85,9.904540919832838e-11,0,9.904540919832838e-11
86,9.94942461976599e-11,0,9.94942461976599e-11
87,9.947589548336047e-11,0,9.947589548336047e-11
88,9.944575522870771e-11,0,9.944575522870771e-11
89,9.950691890460091e-11,0,9.950691890460091e-11
90,9.926445144900076e-11,0,9.926445144900076e-11
91,9.941802552751508e-11,0,9.941802552751508e-11
92,9.990035508014486e-11,0,9.990035508014486e-11
93,1.0118129888705923e-10,0,1.0118129888705923e-10
94,1.0342886569020458e-10,0,1.0342886569020458e-10
95,1.0654324053181386e-10,0,1.0654324053181386e-10
96,1.0969934845750265e-10,0,1.0969934845750265e-10
97,1.1351561810898876e-10,0,1.1351561810898876e-10
98,1.1824362844908783e-10,0,1.1824362844908783e-10
99,1.236531110904884e-10,0,1.236531110904884e-10
100,1.2905306342941104e-10,0,1.2905306342941104e-10
101,1.3369871802758972e-10,0,1.3369871802758972e-10
102,1.3751482898885582e-10,0,1.3751482898885582e-10
103,1.4144265707244984e-10,0,1.4144265707244984e-10
104,1.4497242394509446e-10,0,1.4497242394509446e-10
105,1.4786312692467238e-10,0,1.4786312692467238e-10
106,1.5065391532320145e-10,0,1.5065391532320145e-10
107,1.5307863780436784e-10,0,1.5307863780436784e-10
108,1.5569650433852327e-10,0,1.5569650433852327e-10
109,1.5930853231686032e-10,0,1.5930853231686032e-10
110,1.6361327960868318e-10,0,1.6361327960868318e-10
111,1.676392560267506e-10,0,1.676392560267506e-10
112,1.7078904967043255e-10,0,1.7078904967043255e-10
113,1.7349097430869832e-10,0,1.7349097430869832e-10
114,1.7625035062201177e-10,0,1.7625035062201177e-10
115,1.7947718399971838e-10,0,1.7947718399971838e-10
116,1.815873769363339e-10,0,1.815873769363339e-10
117,1.8162486336850096e-10,0,1.8162486336850096e-10
118,1.814717760528805e-10,0,1.814717760528805e-10
119,1.8203812496179027e-10,0,1.8203812496179027e-10
120,1.833185789137935e-10,0,1.833185789137935e-10
121,1.8659449162023836e-10,0,1.8659449162023836e-10
122,1.8934553059989342e-10,0,1.8934553059989342e-10
123,1.925738871589189e-10,0,1.925738871589189e-10
124,1.976902369094751e-10,0,1.976902369094751e-10
125,2.0500242341624486e-10,0,2.0500242341624486e-10
126,2.14906544626084e-10,0,2.14906544626084e-10
127,2.2633592592280663e-10,0,2.2633592592280663e-10
128,2.378565508386848e-10,0,2.378565508386848e-10
129,2.5078718670950583e-10,0,2.5078718670950583e-10
130,2.648496369916206e-10,0,2.648496369916206e-10
131,2.804878952328907e-10,0,2.804878952328907e-10
132,2.9410152490039543e-10,0,2.9410152490039543e-10
133,3.043141478286897e-10,0,3.043141478286897e-10
134,3.123402492809418e-10,0,3.123402492809418e-10
135,3.177863777627929e-10,0,3.177863777627929e-10
136,3.2278973541742035e-10,0,3.2278973541742035e-10
137,3.2928679139171833e-10,0,3.2928679139171833e-10
138,3.3464386140041587e-10,0,3.3464386140041587e-10
139,3.4138776132127984e-10,0,3.4138776132127984e-10
140,3.4875200122208246e-10,0,3.4875200122208246e-10
141,3.58350436343357e-10,0,3.58350436343357e-10
142,3.686102613880292e-10,0,3.686102613880292e-10
143,3.807641500241788e-10,0,3.807641500241788e-10
144,3.926724030940909e-10,0,3.926724030940909e-10
145,4.09037382392062e-10,0,4.09037382392062e-10
146,4.284703897033943e-10,0,4.284703897033943e-10
147,4.5528688583384595e-10,0,4.5528688583384595e-10
148,4.842281251060484e-10,0,4.842281251060484e-10
149,5.144032584569121e-10,0,5.144032584569121e-10
150,5.424607552482786e-10,0,5.424607552482786e-10
151,5.68309958311766e-10,0,5.68309958311766e-10
152,5.879540363244876e-10,0,5.879540363244876e-10
153,5.983083817834536e-10,0,5.983083817834536e-10
154,5.984397797205452e-10,0,5.984397797205452e-10
155,6.018173744855357e-10,0,6.018173744855357e-10
156,6.103269048674716e-10,0,6.103269048674716e-10
157,6.202956340080756e-10,0,6.202956340080756e-10
158,6.304271866452127e-10,0,6.304271866452127e-10
159,6.49701131390204e-10,0,6.49701131390204e-10
160,6.84475119113679e-10,0,6.84475119113679e-10
161,7.338370459601965e-10,0,7.338370459601965e-10
162,7.933896702259045e-10,0,7.933896702259045e-10
163,8.64112261203472e-10,0,8.64112261203472e-10
164,9.661519461923557e-10,0,9.661519461923557e-10
165,1.0868891780492513e-09,0,1.0868891780492513e-09
166,1.2084472755021684e-09,0,1.2084472755021684e-09
167,1.3462644055948625e-09,0,1.3462644055948625e-09
168,1.4914175290299055e-09,0,1.4914175290299055e-09
169,1.6600581112176802e-09,0,1.6600581112176802e-09
170,1.8486076650145782e-09,0,1.8486076650145782e-09
171,2.0737082974734055e-09,0,2.0737082974734055e-09
172,2.3786386333404815e-09,0,2.3786386333404815e-09
173,2.7409464021749852e-09,0,2.7409464021749852e-09
174,3.155382755435447e-09,0,3.155382755435447e-09
175,3.686612594634542e-09,0,3.686612594634542e-09
176,4.428215933688409e-09,0,4.428215933688409e-09
177,5.451667376401937e-09,0,5.451667376401937e-09
178,6.876901549962501e-09,0,6.876901549962501e-09
179,8.831731871559325e-09,0,8.831731871559325e-09
180,1.1699291990942336e-08,0,1.1699291990942336e-08
181,1.5251260543065068e-08,0,1.5251260543065068e-08
182,2.0525850382221007e-08,0,2.0525850382221007e-08
183,2.762463684386385e-08,0,2.762463684386385e-08
184,3.7178470497981914e-08,0,3.7178470497981914e-08
