Temperature: 20 C
Humidity: 22 %
Date: 1970-01-01 00:00:00.000000
voltage,pad,gr,totalCurrent
0,3.3917596688788604e-11,0,3.3917596688788604e-11
1,3.2212625461323605e-11,0,3.2212625461323605e-11
2,3.0593292621389775e-11,0,3.0593292621389775e-11
3,2.9055427655558382e-11,0,2.9055427655558382e-11
4,2.7153897142131955e-11,0,2.7153897142131955e-11
5,2.7041137454209412e-11,0,2.7041137454209412e-11
6,2.839122475910782e-11,0,2.839122475910782e-11
7,3.0260756689306004e-11,0,3.0260756689306004e-11
8,3.1789665439172865e-11,0,3.1789665439172865e-11
9,3.265583840610285e-11,0,3.265583840610285e-11
10,3.354561198657423e-11,0,3.354561198657423e-11
11,3.484167288583112e-11,0,3.484167288583112e-11
12,3.6995800400127755e-11,0,3.6995800400127755e-11
13,3.91824839818309e-11,0,3.91824839818309e-11
14,4.202082593275562e-11,0,4.202082593275562e-11
15,4.658716645328562e-11,0,4.658716645328562e-11
16,5.393772016153003e-11,0,5.393772016153003e-11
17,6.377441624365826e-11,0,6.377441624365826e-11
18,7.867173178785507e-11,0,7.867173178785507e-11
19,1.0030591893221728e-10,0,1.0030591893221728e-10
20,1.2774649447863527e-10,0,1.2774649447863527e-10
21,1.6017847288852221e-10,0,1.6017847288852221e-10
22,1.9589427836369605e-10,0,1.9589427836369605e-10
23,2.3318446995205054e-10,0,2.3318446995205054e-10
24,2.730967238052821e-10,0,2.730967238052821e-10
25,3.04111068110462e-10,0,3.04111068110462e-10
26,3.2117766650434304e-10,0,3.2117766650434304e-10
27,3.3550032079050317e-10,0,3.3550032079050317e-10
28,3.457658677836471e-10,0,3.457658677836471e-10
29,3.5341075535947354e-10,0,3.5341075535947354e-10
30,3.586598244921482e-10,0,3.586598244921482e-10
31,3.631796754994896e-10,0,3.631796754994896e-10
32,3.6776133132660813e-10,0,3.6776133132660813e-10
33,3.718712543088878e-10,0,3.718712543088878e-10
34,3.776092111522032e-10,0,3.776092111522032e-10
35,3.8427440306760185e-10,0,3.8427440306760185e-10
36,3.9105638376451804e-10,0,3.9105638376451804e-10
37,3.9716361913844967e-10,0,3.9716361913844967e-10
38,4.023444781342559e-10,0,4.023444781342559e-10
39,4.0725294629861065e-10,0,4.0725294629861065e-10
40,4.1090181538165547e-10,0,4.1090181538165547e-10
41,4.1428305728172256e-10,0,4.1428305728172256e-10
42,4.186655052117351e-10,0,4.186655052117351e-10
43,4.233954413144057e-10,0,4.233954413144057e-10
44,4.2934065012581095e-10,0,4.2934065012581095e-10
45,4.3592706512455357e-10,0,4.3592706512455357e-10
46,4.439324919060803e-10,0,4.439324919060803e-10
47,4.521296070232214e-10,0,4.521296070232214e-10
48,4.6111555882858097e-10,0,4.6111555882858097e-10
49,4.705228500832999e-10,0,4.705228500832999e-10
50,4.815982480422142e-10,0,4.815982480422142e-10
51,4.928629081272229e-10,0,4.928629081272229e-10
52,5.037446262961677e-10,0,5.037446262961677e-10
53,5.104984890965671e-10,0,5.104984890965671e-10
54,5.161548336899688e-10,0,5.161548336899688e-10
55,5.196599210729447e-10,0,5.196599210729447e-10
56,5.228385199665612e-10,0,5.228385199665612e-10
57,5.264074895313448e-10,0,5.264074895313448e-10
58,5.30192889354803e-10,0,5.30192889354803e-10
59,5.35130073330988e-10,0,5.35130073330988e-10
60,5.437177324299877e-10,0,5.437177324299877e-10
61,5.56692032321594e-10,0,5.56692032321594e-10
62,5.724419305270916e-10,0,5.724419305270916e-10
63,5.888869483065375e-10,0,5.888869483065375e-10
64,6.030940132856872e-10,0,6.030940132856872e-10
65,6.167872443854216e-10,0,6.167872443854216e-10
66,6.294657865654932e-10,0,6.294657865654932e-10
67,6.402924259482559e-10,0,6.402924259482559e-10
68,6.472262710782007e-10,0,6.472262710782007e-10
69,6.51019300999096e-10,0,6.51019300999096e-10
70,6.568392649949169e-10,0,6.568392649949169e-10
71,6.645007271368156e-10,0,6.645007271368156e-10
72,6.72408049884373e-10,0,6.72408049884373e-10
73,6.81863304764464e-10,0,6.81863304764464e-10
74,6.938943239204445e-10,0,6.938943239204445e-10
75,7.062958031746663e-10,0,7.062958031746663e-10
76,7.217947124565168e-10,0,7.217947124565168e-10
77,7.363131702522275e-10,0,7.363131702522275e-10
78,7.554326698543114e-10,0,7.554326698543114e-10
79,7.780276395385825e-10,0,7.780276395385825e-10
80,7.99591688052223e-10,0,7.99591688052223e-10
81,8.186914781151691e-10,0,8.186914781151691e-10
82,8.369066911523987e-10,0,8.369066911523987e-10
83,8.554388849727109e-10,0,8.554388849727109e-10
84,8.740301478243637e-10,0,8.740301478243637e-10
85,8.864529258452619e-10,0,8.864529258452619e-10
86,8.968635297609273e-10,0,8.968635297609273e-10
87,9.098285893843754e-10,0,9.098285893843754e-10
88,9.283697595116952e-10,0,9.283697595116952e-10
89,9.567694603519737e-10,0,9.567694603519737e-10
90,9.853301498465673e-10,0,9.853301498465673e-10
91,1.014794661388884e-09,0,1.014794661388884e-09
92,1.045927751144222e-09,0,1.045927751144222e-09
93,1.0812687201249626e-09,0,1.0812687201249626e-09
94,1.1177792832662136e-09,0,1.1177792832662136e-09
95,1.1510679448589323e-09,0,1.1510679448589323e-09
96,1.17810025766753e-09,0,1.17810025766753e-09
97,1.2035268401541485e-09,0,1.2035268401541485e-09
98,1.2245336772683092e-09,0,1.2245336772683092e-09
99,1.2448925676329268e-09,0,1.2448925676329268e-09
100,1.2635600274431753e-09,0,1.2635600274431753e-09
101,1.2816796914731894e-09,0,1.2816796914731894e-09
102,1.299625334142291e-09,0,1.299625334142291e-09
103,1.3148738449387474e-09,0,1.3148738449387474e-09
104,1.3310843866946448e-09,0,1.3310843866946448e-09
105,1.3479860627519538e-09,0,1.3479860627519538e-09
106,1.363784021576941e-09,0,1.363784021576941e-09
107,1.37691595566704e-09,0,1.37691595566704e-09
108,1.391059904515261e-09,0,1.391059904515261e-09
109,1.4047259031314958e-09,0,1.4047259031314958e-09
110,1.4222596760894419e-09,0,1.4222596760894419e-09
111,1.447863103398475e-09,0,1.447863103398475e-09
112,1.4787189395079128e-09,0,1.4787189395079128e-09
113,1.511761961989271e-09,0,1.511761961989271e-09
114,1.5546589516202898e-09,0,1.5546589516202898e-09
115,1.6050803871256657e-09,0,1.6050803871256657e-09
116,1.6578468586536145e-09,0,1.6578468586536145e-09
117,1.721173238835974e-09,0,1.721173238835974e-09
118,1.7938498434290113e-09,0,1.7938498434290113e-09
119,1.8738656782320905e-09,0,1.8738656782320905e-09
120,1.965522465535082e-09,0,1.965522465535082e-09
121,2.072916106805458e-09,0,2.072916106805458e-09
122,2.182714267246406e-09,0,2.182714267246406e-09
123,2.306204806404914e-09,0,2.306204806404914e-09
124,2.418466931448503e-09,0,2.418466931448503e-09
125,2.513649929431065e-09,0,2.513649929431065e-09
126,2.6007989034247896e-09,0,2.6007989034247896e-09
127,2.6773714363836185e-09,0,2.6773714363836185e-09
128,2.7190951193027327e-09,0,2.7190951193027327e-09
129,2.750050008921328e-09,0,2.750050008921328e-09
130,2.7679529205449047e-09,0,2.7679529205449047e-09
131,2.7954587906969067e-09,0,2.7954587906969067e-09
132,2.8255575944788262e-09,0,2.8255575944788262e-09
133,2.873582131731735e-09,0,2.873582131731735e-09
134,2.936272283536694e-09,0,2.936272283536694e-09
135,3.0316559702181034e-09,0,3.0316559702181034e-09
136,3.153076256388152e-09,0,3.153076256388152e-09
137,3.297107926625518e-09,0,3.297107926625518e-09
138,3.454584989609582e-09,0,3.454584989609582e-09
139,3.6341581583403426e-09,0,3.6341581583403426e-09
140,3.832420949887483e-09,0,3.832420949887483e-09
141,4.064881501955857e-09,0,4.064881501955857e-09
142,4.311593739411584e-09,0,4.311593739411584e-09
143,4.569816463342492e-09,0,4.569816463342492e-09
144,4.871172557676276e-09,0,4.871172557676276e-09
145,5.205039005132352e-09,0,5.205039005132352e-09
146,5.582687754789683e-09,0,5.582687754789683e-09
147,6.008877286971577e-09,0,6.008877286971577e-09
148,6.461342485040724e-09,0,6.461342485040724e-09
149,6.971597261726675e-09,0,6.971597261726675e-09
150,7.60794821112938e-09,0,7.60794821112938e-09
151,8.35705647617886e-09,0,8.35705647617886e-09
152,9.294100392663597e-09,0,9.294100392663597e-09
153,1.0496839564401705e-08,0,1.0496839564401705e-08
154,1.2226796905281994e-08,0,1.2226796905281994e-08
155,1.4324022257835388e-08,0,1.4324022257835388e-08
156,1.6855135726016666e-08,0,1.6855135726016666e-08
157,2.0006991757297442e-08,0,2.0006991757297442e-08
158,2.4023127125326208e-08,0,2.4023127125326208e-08
159,2.885856263886038e-08,0,2.885856263886038e-08
160,3.54309798877205e-08,0,3.54309798877205e-08
161,4.4907458541864956e-08,0,4.4907458541864956e-08
162,5.724620434331515e-08,0,5.724620434331515e-08
163,7.297505625962404e-08,0,7.297505625962404e-08
164,9.30256380175432e-08,0,9.30256380175432e-08
