Temperature: -10 C
Humidity: 10 %
Date: 1970-01-01 00:00:00.000000
voltage,pad,gr,totalCurrent
0,1.459786941935584e-12,0,1.459786941935584e-12
1,1.6952611238523148e-12,0,1.6952611238523148e-12
2,1.9687146696729644e-12,0,1.9687146696729644e-12
3,2.2862825715025484e-12,0,2.2862825715025484e-12
4,2.67283060524293e-12,0,2.67283060524293e-12
5,2.890073512968095e-12,0,2.890073512968095e-12
6,2.9515804592588653e-12,0,2.9515804592588653e-12
7,3.0391279544804527e-12,0,3.0391279544804527e-12
8,3.1397552124285276e-12,0,3.1397552124285276e-12
9,3.2328842015417236e-12,0,3.2328842015417236e-12
10,3.3973129852009596e-12,0,3.3973129852009596e-12
11,3.666928521552178e-12,0,3.666928521552178e-12
12,3.972743961170193e-12,0,3.972743961170193e-12
13,4.332492538997209e-12,0,4.332492538997209e-12
14,4.789353251034553e-12,0,4.789353251034553e-12
15,5.3349565891131845e-12,0,5.3349565891131845e-12
16,5.960319058839559e-12,0,5.960319058839559e-12
17,6.619462341127057e-12,0,6.619462341127057e-12
18,7.157386139395544e-12,0,7.157386139395544e-12
19,7.592243703677675e-12,0,7.592243703677675e-12
20,7.966000857371339e-12,0,7.966000857371339e-12
21,8.198860733633907e-12,0,8.198860733633907e-12
22,8.470552887929837e-12,0,8.470552887929837e-12
23,8.825915664457024e-12,0,8.825915664457024e-12
24,9.023790891222148e-12,0,9.023790891222148e-12
25,9.191159932271154e-12,0,9.191159932271154e-12
26,9.466524582862195e-12,0,9.466524582862195e-12
27,9.69965583380211e-12,0,9.69965583380211e-12
28,9.815832681877313e-12,0,9.815832681877313e-12
29,9.795570606844818e-12,0,9.795570606844818e-12
30,9.664044482460295e-12,0,9.664044482460295e-12
31,9.626682285352156e-12,0,9.626682285352156e-12
32,9.644540472649846e-12,0,9.644540472649846e-12
33,9.730674992336913e-12,0,9.730674992336913e-12
34,9.898931127122186e-12,0,9.898931127122186e-12
35,1.0227453941109012e-11,0,1.0227453941109012e-11
36,1.0593900394511343e-11,0,1.0593900394511343e-11
37,1.0973452412111557e-11,0,1.0973452412111557e-11
38,1.1226449419882409e-11,0,1.1226449419882409e-11
39,1.1463131743349355e-11,0,1.1463131743349355e-11
40,1.159775606544667e-11,0,1.159775606544667e-11
41,1.1698123124053232e-11,0,1.1698123124053232e-11
42,1.176102195589115e-11,0,1.176102195589115e-11
43,1.186506846071661e-11,0,1.186506846071661e-11
44,1.197006172138599e-11,0,1.197006172138599e-11
45,1.203307504077431e-11,0,1.203307504077431e-11
46,1.2096446640373213e-11,0,1.2096446640373213e-11
47,1.2231039786789028e-11,0,1.2231039786789028e-11
48,1.2367103349314319e-11,0,1.2367103349314319e-11
49,1.2395106843531863e-11,0,1.2395106843531863e-11
50,1.2380390315167498e-11,0,1.2380390315167498e-11
51,1.2405290787509582e-11,0,1.2405290787509582e-11
52,1.2532087387866145e-11,0,1.2532087387866145e-11
53,1.2711939206908332e-11,0,1.2711939206908332e-11
54,1.2974525048064169e-11,0,1.2974525048064169e-11
55,1.3323915867316746e-11,0,1.3323915867316746e-11
56,1.3725628315439498e-11,0,1.3725628315439498e-11
57,1.4140632198124942e-11,0,1.4140632198124942e-11
58,1.45402511164969e-11,0,1.45402511164969e-11
59,1.4958322378009375e-11,0,1.4958322378009375e-11
60,1.5364542136399033e-11,0,1.5364542136399033e-11
61,1.57552005209884e-11,0,1.57552005209884e-11
62,1.6170343797698088e-11,0,1.6170343797698088e-11
63,1.6734905941781595e-11,0,1.6734905941781595e-11
64,1.7326368324983895e-11,0,1.7326368324983895e-11
65,1.7949807340926197e-11,0,1.7949807340926197e-11
66,1.85458867894415e-11,0,1.85458867894415e-11
67,1.929395989536554e-11,0,1.929395989536554e-11
68,1.99087345205216e-11,0,1.99087345205216e-11
69,2.0377937811415468e-11,0,2.0377937811415468e-11
70,2.0685644645417704e-11,0,2.0685644645417704e-11
71,2.1207032981565136e-11,0,2.1207032981565136e-11
72,2.1792516359319718e-11,0,2.1792516359319718e-11
73,2.2376221809141416e-11,0,2.2376221809141416e-11
74,2.2978286210889536e-11,0,2.2978286210889536e-11
75,2.3859729719182543e-11,0,2.3859729719182543e-11
76,2.4802038709394654e-11,0,2.4802038709394654e-11
77,2.5791415712380828e-11,0,2.5791415712380828e-11
78,2.6679517956492256e-11,0,2.6679517956492256e-11
79,2.768797918303111e-11,0,2.768797918303111e-11
80,2.873657854478302e-11,0,2.873657854478302e-11
81,2.9722439366361674e-11,0,2.9722439366361674e-11
82,3.057522645468935e-11,0,3.057522645468935e-11
83,3.168150869417863e-11,0,3.168150869417863e-11
84,3.2842311491156037e-11,0,3.2842311491156037e-11
85,3.402217883690186e-11,0,3.402217883690186e-11
86,3.51451222968405e-11,0,3.51451222968405e-11
87,3.654324277256213e-11,0,3.654324277256213e-11
88,3.784667451408964e-11,0,3.784667451408964e-11
89,3.9240088016224816e-11,0,3.9240088016224816e-11
90,4.0746136996876496e-11,0,4.0746136996876496e-11
91,4.265871251405822e-11,0,4.265871251405822e-11
92,4.458110700827859e-11,0,4.458110700827859e-11
93,4.6813493892487735e-11,0,4.6813493892487735e-11
94,4.9215343984836235e-11,0,4.9215343984836235e-11
95,5.256185696519456e-11,0,5.256185696519456e-11
96,5.658182664806006e-11,0,5.658182664806006e-11
97,6.088584455037965e-11,0,6.088584455037965e-11
98,6.58323690054426e-11,0,6.58323690054426e-11
99,7.199331562496036e-11,0,7.199331562496036e-11
100,7.888866703116714e-11,0,7.888866703116714e-11
101,8.632891306136433e-11,0,8.632891306136433e-11
102,9.61122068308854e-11,0,9.61122068308854e-11
103,1.1021219511787734e-10,0,1.1021219511787734e-10
104,1.33131531976338e-10,0,1.33131531976338e-10
105,1.6492666543538685e-10,0,1.6492666543538685e-10
106,2.014732251300698e-10,0,2.014732251300698e-10
107,2.3967011062848266e-10,0,2.3967011062848266e-10
108,2.71723880172597e-10,0,2.71723880172597e-10
109,2.8911843392923056e-10,0,2.8911843392923056e-10
110,2.943244180217317e-10,0,2.943244180217317e-10
111,2.8461261814948597e-10,0,2.8461261814948597e-10
112,2.6686959414487137e-10,0,2.6686959414487137e-10
113,2.538556255454121e-10,0,2.538556255454121e-10
114,2.517572019084637e-10,0,2.517572019084637e-10
115,2.6323832645275285e-10,0,2.6323832645275285e-10
116,2.8532098176208136e-10,0,2.8532098176208136e-10
117,3.09578857852373e-10,0,3.09578857852373e-10
118,3.358430754885133e-10,0,3.358430754885133e-10
119,3.85295954310555e-10,0,3.85295954310555e-10
120,4.508516473731818e-10,0,4.508516473731818e-10
121,5.204787554950405e-10,0,5.204787554950405e-10
122,6.231968970595026e-10,0,6.231968970595026e-10
123,7.71753892174248e-10,0,7.71753892174248e-10
124,1.0153630635609233e-09,0,1.0153630635609233e-09
125,1.3240354245353934e-09,0,1.3240354245353934e-09
126,1.7130851624783771e-09,0,1.7130851624783771e-09
127,2.216451855835614e-09,0,2.216451855835614e-09
128,2.867725981660965e-09,0,2.867725981660965e-09
