Temperature: 20 C
Humidity: 20 %
Date: 1970-01-01 00:00:00.000000
voltage,pad,gr,totalCurrent
0,2.1254679810460164e-12,0,2.1254679810460164e-12
1,2.7050224131825746e-12,0,2.7050224131825746e-12
2,3.4426123512230776e-12,0,3.4426123512230776e-12
3,4.381314446042448e-12,0,4.381314446042448e-12
4,5.54992981271661e-12,0,5.54992981271661e-12
5,6.672467404079222e-12,0,6.672467404079222e-12
6,7.70834214727121e-12,0,7.70834214727121e-12
7,8.93321616275078e-12,0,8.93321616275078e-12
8,1.0043110659857638e-11,0,1.0043110659857638e-11
9,1.0961218071663468e-11,0,1.0961218071663468e-11
10,1.182301272583789e-11,0,1.182301272583789e-11
11,1.3049587123863043e-11,0,1.3049587123863043e-11
12,1.4432603251914817e-11,0,1.4432603251914817e-11
13,1.6247795671793984e-11,0,1.6247795671793984e-11
14,1.863250735215601e-11,0,1.863250735215601e-11
15,2.1591882314575463e-11,0,2.1591882314575463e-11
16,2.5344289416789092e-11,0,2.5344289416789092e-11
17,3.015568259743876e-11,0,3.015568259743876e-11
18,3.5788488973959424e-11,0,3.5788488973959424e-11
19,4.3141413565602626e-11,0,4.3141413565602626e-11
20,5.039448848552668e-11,0,5.039448848552668e-11
21,5.6863951555362863e-11,0,5.6863951555362863e-11
22,6.404175747183246e-11,0,6.404175747183246e-11
23,7.191794555849047e-11,0,7.191794555849047e-11
24,7.871234005052141e-11,0,7.871234005052141e-11
25,8.279662210507318e-11,0,8.279662210507318e-11
26,8.428693648928265e-11,0,8.428693648928265e-11
27,8.553205494121998e-11,0,8.553205494121998e-11
28,8.648545094102213e-11,0,8.648545094102213e-11
29,8.63875103982454e-11,0,8.63875103982454e-11
30,8.543594451020261e-11,0,8.543594451020261e-11
31,8.481292250655948e-11,0,8.481292250655948e-11
32,8.475520710965392e-11,0,8.475520710965392e-11
33,8.498742436184273e-11,0,8.498742436184273e-11
34,8.602443143736882e-11,0,8.602443143736882e-11
35,8.79963550871167e-11,0,8.79963550871167e-11
36,9.03439840765226e-11,0,9.03439840765226e-11
37,9.266487209364372e-11,0,9.266487209364372e-11
38,9.417530482770532e-11,0,9.417530482770532e-11
39,9.559588235089146e-11,0,9.559588235089146e-11
40,9.627570180600705e-11,0,9.627570180600705e-11
41,9.635945791543896e-11,0,9.635945791543896e-11
42,9.615822769541224e-11,0,9.615822769541224e-11
43,9.641173662523322e-11,0,9.641173662523322e-11
44,9.695205232085062e-11,0,9.695205232085062e-11
45,9.762307828546572e-11,0,9.762307828546572e-11
46,9.849342718363516e-11,0,9.849342718363516e-11
47,9.988236812881154e-11,0,9.988236812881154e-11
48,1.0130424218946073e-10,0,1.0130424218946073e-10
49,1.0233631930218799e-10,0,1.0233631930218799e-10
50,1.0321083242186974e-10,0,1.0321083242186974e-10
51,1.0437870586212868e-10,0,1.0437870586212868e-10
52,1.0566879673595202e-10,0,1.0566879673595202e-10
53,1.0697083940540172e-10,0,1.0697083940540172e-10
54,1.0892761261465038e-10,0,1.0892761261465038e-10
55,1.1106763890859309e-10,0,1.1106763890859309e-10
56,1.1333404507347711e-10,0,1.1333404507347711e-10
57,1.1534970471987413e-10,0,1.1534970471987413e-10
58,1.172165136378473e-10,0,1.172165136378473e-10
59,1.195188613922577e-10,0,1.195188613922577e-10
60,1.2215713285819885e-10,0,1.2215713285819885e-10
61,1.244668426066951e-10,0,1.244668426066951e-10
62,1.2701196722233182e-10,0,1.2701196722233182e-10
63,1.3034494251722692e-10,0,1.3034494251722692e-10
64,1.3374041447705138e-10,0,1.3374041447705138e-10
65,1.3679110370800045e-10,0,1.3679110370800045e-10
66,1.3952265670719073e-10,0,1.3952265670719073e-10
67,1.4284977807119822e-10,0,1.4284977807119822e-10
68,1.4585116824733537e-10,0,1.4585116824733537e-10
69,1.4847351121743357e-10,0,1.4847351121743357e-10
70,1.5040335978217278e-10,0,1.5040335978217278e-10
71,1.5372236610968546e-10,0,1.5372236610968546e-10
72,1.575623846820895e-10,0,1.575623846820895e-10
73,1.6158168892053448e-10,0,1.6158168892053448e-10
74,1.6536546796723583e-10,0,1.6536546796723583e-10
75,1.7072567993134326e-10,0,1.7072567993134326e-10
76,1.7629641333054136e-10,0,1.7629641333054136e-10
77,1.817764831559062e-10,0,1.817764831559062e-10
78,1.862575752976786e-10,0,1.862575752976786e-10
79,1.9120023361623712e-10,0,1.9120023361623712e-10
80,1.957493655651883e-10,0,1.957493655651883e-10
81,2.002941048460261e-10,0,2.002941048460261e-10
82,2.036523327175613e-10,0,2.036523327175613e-10
83,2.08154631200106e-10,0,2.08154631200106e-10
84,2.129883206043832e-10,0,2.129883206043832e-10
85,2.177362201111784e-10,0,2.177362201111784e-10
86,2.225205617831239e-10,0,2.225205617831239e-10
87,2.2822596859067768e-10,0,2.2822596859067768e-10
88,2.3319573540271066e-10,0,2.3319573540271066e-10
89,2.384035182404573e-10,0,2.384035182404573e-10
90,2.4339867336039883e-10,0,2.4339867336039883e-10
91,2.5027005541182634e-10,0,2.5027005541182634e-10
92,2.576928062277472e-10,0,2.576928062277472e-10
93,2.644544525289694e-10,0,2.644544525289694e-10
94,2.707785925116502e-10,0,2.707785925116502e-10
95,2.7912202391959607e-10,0,2.7912202391959607e-10
96,2.878799041969013e-10,0,2.878799041969013e-10
97,2.971343374859819e-10,0,2.971343374859819e-10
98,3.0524577271373436e-10,0,3.0524577271373436e-10
99,3.141444853587524e-10,0,3.141444853587524e-10
100,3.238333832252764e-10,0,3.238333832252764e-10
101,3.3418783062075946e-10,0,3.3418783062075946e-10
102,3.4437011184920625e-10,0,3.4437011184920625e-10
103,3.5460090335803526e-10,0,3.5460090335803526e-10
104,3.642907108848078e-10,0,3.642907108848078e-10
105,3.744771242038145e-10,0,3.744771242038145e-10
106,3.845707031205466e-10,0,3.845707031205466e-10
107,3.9488951370586216e-10,0,3.9488951370586216e-10
108,4.043310902469002e-10,0,4.043310902469002e-10
109,4.112538654412796e-10,0,4.112538654412796e-10
110,4.1847983680647594e-10,0,4.1847983680647594e-10
111,4.269404259638784e-10,0,4.269404259638784e-10
112,4.3448590552616284e-10,0,4.3448590552616284e-10
113,4.429976325950616e-10,0,4.429976325950616e-10
114,4.5374585196461954e-10,0,4.5374585196461954e-10
115,4.656793773756756e-10,0,4.656793773756756e-10
116,4.779771327924173e-10,0,4.779771327924173e-10
117,4.8992141016066e-10,0,4.8992141016066e-10
118,5.017067493589678e-10,0,5.017067493589678e-10
119,5.157877320722513e-10,0,5.157877320722513e-10
120,5.28859164407179e-10,0,5.28859164407179e-10
121,5.387841298982027e-10,0,5.387841298982027e-10
122,5.504608937670204e-10,0,5.504608937670204e-10
123,5.676713612959181e-10,0,5.676713612959181e-10
124,5.862419559824995e-10,0,5.862419559824995e-10
125,6.050333154755814e-10,0,6.050333154755814e-10
126,6.25638946773975e-10,0,6.25638946773975e-10
127,6.490380594636426e-10,0,6.490380594636426e-10
128,6.771927788452874e-10,0,6.771927788452874e-10
129,7.097115092361756e-10,0,7.097115092361756e-10
130,7.455136454283576e-10,0,7.455136454283576e-10
131,7.883757987239317e-10,0,7.883757987239317e-10
132,8.32503972240311e-10,0,8.32503972240311e-10
133,8.725918597715414e-10,0,8.725918597715414e-10
134,9.139977558247585e-10,0,9.139977558247585e-10
135,9.632730049274467e-10,0,9.632730049274467e-10
136,1.0122819092389663e-09,0,1.0122819092389663e-09
137,1.0576118895640479e-09,0,1.0576118895640479e-09
138,1.1045108215777261e-09,0,1.1045108215777261e-09
139,1.169298663229986e-09,0,1.169298663229986e-09
140,1.249474425187334e-09,0,1.249474425187334e-09
141,1.3397409618036358e-09,0,1.3397409618036358e-09
142,1.4333083976750538e-09,0,1.4333083976750538e-09
143,1.5432202914424084e-09,0,1.5432202914424084e-09
144,1.6625059430807012e-09,0,1.6625059430807012e-09
145,1.7945432667702704e-09,0,1.7945432667702704e-09
146,1.9557578349014793e-09,0,1.9557578349014793e-09
147,2.1696302478152524e-09,0,2.1696302478152524e-09
148,2.438716153123225e-09,0,2.438716153123225e-09
149,2.775213711096228e-09,0,2.775213711096228e-09
150,3.2236118451750914e-09,0,3.2236118451750914e-09
151,3.956750596034495e-09,0,3.956750596034495e-09
152,5.81018178020694e-09,0,5.81018178020694e-09
153,8.92692145465915e-09,0,8.92692145465915e-09
154,2.0764696703859058e-08,0,2.0764696703859058e-08
155,4.896503769075197e-08,0,4.896503769075197e-08
156,1.154639988366013e-07,0,1.154639988366013e-07
157,2.722745790892482e-07,0,2.722745790892482e-07
