Temperature: 20 C
Humidity: 78 %
Date: 1970-01-01 00:00:00.000000
voltage,pad,gr,totalCurrent
0,8.681424715109233e-09,0,8.681424715109233e-09
1,3.0242023565375962e-09,0,3.0242023565375962e-09
2,1.0534929780365277e-09,0,1.0534929780365277e-09
3,3.6698768362628024e-10,0,3.6698768362628024e-10
4,1.3640685530281102e-10,0,1.3640685530281102e-10
5,7.85224392178259e-11,0,7.85224392178259e-11
6,5.959926420925808e-11,0,5.959926420925808e-11
7,4.794067193751064e-11,0,4.794067193751064e-11
8,4.435213005757337e-11,0,4.435213005757337e-11
9,4.6995801324037974e-11,0,4.6995801324037974e-11
10,5.264005538964269e-11,0,5.264005538964269e-11
11,6.112832350216322e-11,0,6.112832350216322e-11
12,7.189978638602646e-11,0,7.189978638602646e-11
13,8.627206047066257e-11,0,8.627206047066257e-11
14,1.039922924394466e-10,0,1.039922924394466e-10
15,1.2760743200396993e-10,0,1.2760743200396993e-10
16,1.5585077603331513e-10,0,1.5585077603331513e-10
17,1.8888125095629894e-10,0,1.8888125095629894e-10
18,2.2880303680413331e-10,0,2.2880303680413331e-10
19,2.851042809151282e-10,0,2.851042809151282e-10
20,3.490239769357587e-10,0,3.490239769357587e-10
21,4.1687659696558937e-10,0,4.1687659696558937e-10
22,4.927601017116908e-10,0,4.927601017116908e-10
23,5.732432218246734e-10,0,5.732432218246734e-10
24,6.450454848925578e-10,0,6.450454848925578e-10
25,7.013239261303934e-10,0,7.013239261303934e-10
26,7.331219131904566e-10,0,7.331219131904566e-10
27,7.591360142728699e-10,0,7.591360142728699e-10
28,7.900273667449049e-10,0,7.900273667449049e-10
29,8.113002220610232e-10,0,8.113002220610232e-10
30,8.312435321607328e-10,0,8.312435321607328e-10
31,8.50404424681881e-10,0,8.50404424681881e-10
32,8.6893015869447e-10,0,8.6893015869447e-10
33,8.946015342819263e-10,0,8.946015342819263e-10
34,9.273958093159348e-10,0,9.273958093159348e-10
35,9.605059871219733e-10,0,9.605059871219733e-10
36,9.919254528590235e-10,0,9.919254528590235e-10
37,1.01942019618302e-09,0,1.01942019618302e-09
38,1.0471342505948194e-09,0,1.0471342505948194e-09
39,1.0756041038597297e-09,0,1.0756041038597297e-09
40,1.0851625673735614e-09,0,1.0851625673735614e-09
41,1.0808509107677898e-09,0,1.0808509107677898e-09
42,1.0670292081546024e-09,0,1.0670292081546024e-09
43,1.0597576636491925e-09,0,1.0597576636491925e-09
44,1.0578836484495314e-09,0,1.0578836484495314e-09
45,1.0604071343875842e-09,0,1.0604071343875842e-09
46,1.0629366398735228e-09,0,1.0629366398735228e-09
47,1.0713445411268563e-09,0,1.0713445411268563e-09
48,1.0815228081603089e-09,0,1.0815228081603089e-09
49,1.0843883926674406e-09,0,1.0843883926674406e-09
50,1.080725124808633e-09,0,1.080725124808633e-09
51,1.0762443791565341e-09,0,1.0762443791565341e-09
52,1.072792357021376e-09,0,1.072792357021376e-09
53,1.0779496987477572e-09,0,1.0779496987477572e-09
54,1.0936261950583756e-09,0,1.0936261950583756e-09
55,1.1167267772748231e-09,0,1.1167267772748231e-09
56,1.148142124658039e-09,0,1.148142124658039e-09
57,1.180404947507266e-09,0,1.180404947507266e-09
58,1.2077681322608521e-09,0,1.2077681322608521e-09
59,1.230123327032084e-09,0,1.230123327032084e-09
60,1.2478758475437316e-09,0,1.2478758475437316e-09
61,1.2561374694285467e-09,0,1.2561374694285467e-09
62,1.2661292074623328e-09,0,1.2661292074623328e-09
63,1.2797616654705818e-09,0,1.2797616654705818e-09
64,1.2935806723533494e-09,0,1.2935806723533494e-09
65,1.3100550426566936e-09,0,1.3100550426566936e-09
66,1.3305758905716968e-09,0,1.3305758905716968e-09
67,1.3504006753729098e-09,0,1.3504006753729098e-09
68,1.3679050294570073e-09,0,1.3679050294570073e-09
69,1.374185339551791e-09,0,1.374185339551791e-09
70,1.3766075838049496e-09,0,1.3766075838049496e-09
71,1.3892435739691063e-09,0,1.3892435739691063e-09
72,1.4045315829643493e-09,0,1.4045315829643493e-09
73,1.4221753531840203e-09,0,1.4221753531840203e-09
74,1.4442050793622916e-09,0,1.4442050793622916e-09
75,1.4732802598385795e-09,0,1.4732802598385795e-09
76,1.5095261373542018e-09,0,1.5095261373542018e-09
77,1.5466637417684264e-09,0,1.5466637417684264e-09
78,1.5731519321878328e-09,0,1.5731519321878328e-09
79,1.6029986865416843e-09,0,1.6029986865416843e-09
80,1.6273576195997664e-09,0,1.6273576195997664e-09
81,1.6519996414704227e-09,0,1.6519996414704227e-09
82,1.6743801430574413e-09,0,1.6743801430574413e-09
83,1.70365781582505e-09,0,1.70365781582505e-09
84,1.7334436220629185e-09,0,1.7334436220629185e-09
85,1.7636649817882552e-09,0,1.7636649817882552e-09
86,1.7916964252006385e-09,0,1.7916964252006385e-09
87,1.8188948222343442e-09,0,1.8188948222343442e-09
88,1.8361791936523596e-09,0,1.8361791936523596e-09
89,1.8489202642899958e-09,0,1.8489202642899958e-09
90,1.8580943565592276e-09,0,1.8580943565592276e-09
91,1.877778868019916e-09,0,1.877778868019916e-09
92,1.898184541757501e-09,0,1.898184541757501e-09
93,1.914767009882023e-09,0,1.914767009882023e-09
94,1.9314731349360314e-09,0,1.9314731349360314e-09
95,1.9591191602237744e-09,0,1.9591191602237744e-09
96,1.9879683324417126e-09,0,1.9879683324417126e-09
97,2.0116730413804237e-09,0,2.0116730413804237e-09
98,2.024515676964082e-09,0,2.024515676964082e-09
99,2.036894539883265e-09,0,2.036894539883265e-09
100,2.051541862318859e-09,0,2.051541862318859e-09
101,2.084043520906973e-09,0,2.084043520906973e-09
102,2.11893907227713e-09,0,2.11893907227713e-09
103,2.1532743408788912e-09,0,2.1532743408788912e-09
104,2.1931111274215796e-09,0,2.1931111274215796e-09
105,2.237086659233998e-09,0,2.237086659233998e-09
106,2.2892365233910936e-09,0,2.2892365233910936e-09
107,2.3525307088093405e-09,0,2.3525307088093405e-09
108,2.407731249023682e-09,0,2.407731249023682e-09
109,2.4766227801717757e-09,0,2.4766227801717757e-09
110,2.5720040291465413e-09,0,2.5720040291465413e-09
111,2.679176984946558e-09,0,2.679176984946558e-09
112,2.7862905224743157e-09,0,2.7862905224743157e-09
113,2.8702144887737185e-09,0,2.8702144887737185e-09
114,2.941028165478757e-09,0,2.941028165478757e-09
115,3.0027885929074756e-09,0,3.0027885929074756e-09
116,3.0399556022995958e-09,0,3.0399556022995958e-09
117,3.0491080955665537e-09,0,3.0491080955665537e-09
118,3.065650733194536e-09,0,3.065650733194536e-09
119,3.08228312128433e-09,0,3.08228312128433e-09
120,3.099420889156525e-09,0,3.099420889156525e-09
121,3.1166539445399847e-09,0,3.1166539445399847e-09
122,3.1539349358272148e-09,0,3.1539349358272148e-09
123,3.2089074607976946e-09,0,3.2089074607976946e-09
124,3.2887705663459576e-09,0,3.2887705663459576e-09
125,3.395418618984175e-09,0,3.395418618984175e-09
126,3.539435339992773e-09,0,3.539435339992773e-09
127,3.752294798181598e-09,0,3.752294798181598e-09
128,3.999063266237372e-09,0,3.999063266237372e-09
129,4.242395566748509e-09,0,4.242395566748509e-09
130,4.506655596838382e-09,0,4.506655596838382e-09
131,4.793298757324562e-09,0,4.793298757324562e-09
132,5.0264186644408985e-09,0,5.0264186644408985e-09
133,5.209418471335217e-09,0,5.209418471335217e-09
134,5.3418612578509e-09,0,5.3418612578509e-09
135,5.4669643101723665e-09,0,5.4669643101723665e-09
136,5.5951200605998704e-09,0,5.5951200605998704e-09
137,5.6786461079208256e-09,0,5.6786461079208256e-09
138,5.765482358254668e-09,0,5.765482358254668e-09
139,5.912451840904969e-09,0,5.912451840904969e-09
140,6.119198291704834e-09,0,6.119198291704834e-09
141,6.427266587665828e-09,0,6.427266587665828e-09
142,6.8572077664808944e-09,0,6.8572077664808944e-09
143,7.31276104993514e-09,0,7.31276104993514e-09
144,7.784360742753328e-09,0,7.784360742753328e-09
145,8.208065947259718e-09,0,8.208065947259718e-09
146,8.683979624337348e-09,0,8.683979624337348e-09
147,9.315943311829453e-09,0,9.315943311829453e-09
148,9.999714534960203e-09,0,9.999714534960203e-09
149,1.0622646258763417e-08,0,1.0622646258763417e-08
150,1.1386538423684672e-08,0,1.1386538423684672e-08
151,1.2273414907409591e-08,0,1.2273414907409591e-08
152,1.3279021812547138e-08,0,1.3279021812547138e-08
153,1.4409027248064659e-08,0,1.4409027248064659e-08
154,1.5665882762755867e-08,0,1.5665882762755867e-08
155,1.6994468203299706e-08,0,1.6994468203299706e-08
156,1.8393390403748607e-08,0,1.8393390403748607e-08
157,2.0101893203881184e-08,0,2.0101893203881184e-08
158,2.2783764578061733e-08,0,2.2783764578061733e-08
159,2.7042770455538053e-08,0,2.7042770455538053e-08
160,3.312361947901973e-08,0,3.312361947901973e-08
161,4.2863837061299546e-08,0,4.2863837061299546e-08
162,6.491834495350898e-08,0,6.491834495350898e-08
163,9.770543189065098e-08,0,9.770543189065098e-08
164,1.4342466373419558e-07,0,1.4342466373419558e-07
165,1.810142816009943e-07,0,1.810142816009943e-07
166,2.1733901733200856e-07,0,2.1733901733200856e-07
167,2.5108391819366505e-07,0,2.5108391819366505e-07
168,2.753575953578847e-07,0,2.753575953578847e-07
169,2.816067983806531e-07,0,2.816067983806531e-07
170,3.3041383792700805e-07,0,3.3041383792700805e-07
171,4.4638854291744666e-07,0,4.4638854291744666e-07
172,7.182175417786053e-07,0,7.182175417786053e-07
173,1.1555772331143798e-06,0,1.1555772331143798e-06
174,1.8592677900700983e-06,0,1.8592677900700983e-06
