Temperature: 20 C
Humidity: 78 %
Date: 1970-01-01 00:00:00.000000
voltage,pad,gr,totalCurrent
26,6.495755948632014e-10,0,6.495755948632014e-10
27,6.768850276575371e-10,0,6.768850276575371e-10
28,7.17151394889327e-10,0,7.17151394889327e-10
29,7.587860251611309e-10,0,7.587860251611309e-10
30,8.164240303576444e-10,0,8.164240303576444e-10
31,8.744947411367852e-10,0,8.744947411367852e-10
32,9.46220172954782e-10,0,9.46220172954782e-10
33,1.0341501222923519e-09,0,1.0341501222923519e-09
34,1.1302338154683845e-09,0,1.1302338154683845e-09
35,1.2086648943145829e-09,0,1.2086648943145829e-09
36,1.2876008812754556e-09,0,1.2876008812754556e-09
37,1.3461757199989488e-09,0,1.3461757199989488e-09
38,1.4157845277086979e-09,0,1.4157845277086979e-09
39,1.4814555630647545e-09,0,1.4814555630647545e-09
40,1.5306452024483713e-09,0,1.5306452024483713e-09
41,1.5656528493678137e-09,0,1.5656528493678137e-09
42,1.584509710602544e-09,0,1.584509710602544e-09
43,1.5963630824569466e-09,0,1.5963630824569466e-09
44,1.6228861270842271e-09,0,1.6228861270842271e-09
45,1.6327375250240556e-09,0,1.6327375250240556e-09
46,1.6317518500733127e-09,0,1.6317518500733127e-09
47,1.6305555032461752e-09,0,1.6305555032461752e-09
48,1.6301831671755942e-09,0,1.6301831671755942e-09
49,1.6455694767542511e-09,0,1.6455694767542511e-09
50,1.6724252283228791e-09,0,1.6724252283228791e-09
51,1.7136344720983788e-09,0,1.7136344720983788e-09
52,1.8038911468983515e-09,0,1.8038911468983515e-09
53,1.9381605754695276e-09,0,1.9381605754695276e-09
54,2.1369807290022113e-09,0,2.1369807290022113e-09
55,2.3684697904855487e-09,0,2.3684697904855487e-09
56,2.608497465032891e-09,0,2.608497465032891e-09
57,2.803253373827934e-09,0,2.803253373827934e-09
58,2.9495719016868557e-09,0,2.9495719016868557e-09
59,3.0208903647708753e-09,0,3.0208903647708753e-09
60,3.0378668924611998e-09,0,3.0378668924611998e-09
61,2.9773130502438e-09,0,2.9773130502438e-09
62,2.909169053238545e-09,0,2.909169053238545e-09
63,2.8598400475084943e-09,0,2.8598400475084943e-09
64,2.861649250690836e-09,0,2.861649250690836e-09
65,2.868223510418613e-09,0,2.868223510418613e-09
66,2.8719104295543042e-09,0,2.8719104295543042e-09
67,2.8717149354888546e-09,0,2.8717149354888546e-09
68,2.8610963172094633e-09,0,2.8610963172094633e-09
69,2.842815685275638e-09,0,2.842815685275638e-09
70,2.782707410399336e-09,0,2.782707410399336e-09
71,2.7100225711028884e-09,0,2.7100225711028884e-09
72,2.6428493669080263e-09,0,2.6428493669080263e-09
73,2.5669653914339087e-09,0,2.5669653914339087e-09
74,2.481729309459816e-09,0,2.481729309459816e-09
75,2.3987123985303683e-09,0,2.3987123985303683e-09
76,2.3185386919912077e-09,0,2.3185386919912077e-09
77,2.2731666666325785e-09,0,2.2731666666325785e-09
78,2.2275914421576754e-09,0,2.2275914421576754e-09
79,2.1751209233603627e-09,0,2.1751209233603627e-09
80,2.121578973628174e-09,0,2.121578973628174e-09
81,2.0763921560228687e-09,0,2.0763921560228687e-09
82,2.022462820356224e-09,0,2.022462820356224e-09
83,1.9593514853259135e-09,0,1.9593514853259135e-09
84,1.8959516717624213e-09,0,1.8959516717624213e-09
85,1.8336246236058633e-09,0,1.8336246236058633e-09
86,1.777034166330041e-09,0,1.777034166330041e-09
87,1.7260898863086053e-09,0,1.7260898863086053e-09
88,1.6675735541498588e-09,0,1.6675735541498588e-09
89,1.6248188143320618e-09,0,1.6248188143320618e-09
90,1.5893779664977086e-09,0,1.5893779664977086e-09
91,1.554583847615139e-09,0,1.554583847615139e-09
92,1.5318287912050562e-09,0,1.5318287912050562e-09
93,1.5462935845664312e-09,0,1.5462935845664312e-09
94,1.6049993228638585e-09,0,1.6049993228638585e-09
95,1.6849177772137997e-09,0,1.6849177772137997e-09
96,1.7826622542324593e-09,0,1.7826622542324593e-09
97,1.8936673692078077e-09,0,1.8936673692078077e-09
98,2.014148343732639e-09,0,2.014148343732639e-09
99,2.1395726317352014e-09,0,2.1395726317352014e-09
100,2.234155845123561e-09,0,2.234155845123561e-09
101,2.29524156299831e-09,0,2.29524156299831e-09
102,2.3540706688292427e-09,0,2.3540706688292427e-09
103,2.403046088032447e-09,0,2.403046088032447e-09
104,2.4751330913646067e-09,0,2.4751330913646067e-09
105,2.5493825734254474e-09,0,2.5493825734254474e-09
106,2.6285766744315592e-09,0,2.6285766744315592e-09
107,2.7075599838396024e-09,0,2.7075599838396024e-09
108,2.7968894489308555e-09,0,2.7968894489308555e-09
109,2.9103383455345986e-09,0,2.9103383455345986e-09
110,3.059114292703615e-09,0,3.059114292703615e-09
111,3.201763236010081e-09,0,3.201763236010081e-09
112,3.351137600868694e-09,0,3.351137600868694e-09
113,3.5038627091553103e-09,0,3.5038627091553103e-09
114,3.635203728938199e-09,0,3.635203728938199e-09
115,3.706304665722237e-09,0,3.706304665722237e-09
116,3.739988394211542e-09,0,3.739988394211542e-09
117,3.725193807779497e-09,0,3.725193807779497e-09
118,3.66994936565961e-09,0,3.66994936565961e-09
119,3.5790296555681445e-09,0,3.5790296555681445e-09
120,3.490354735365144e-09,0,3.490354735365144e-09
121,3.4460915648305242e-09,0,3.4460915648305242e-09
122,3.467688004820093e-09,0,3.467688004820093e-09
123,3.4919876614137517e-09,0,3.4919876614137517e-09
124,3.5262857723789894e-09,0,3.5262857723789894e-09
125,3.6049802140684738e-09,0,3.6049802140684738e-09
126,3.728778464973004e-09,0,3.728778464973004e-09
127,3.85683652802759e-09,0,3.85683652802759e-09
128,3.956168496426422e-09,0,3.956168496426422e-09
129,3.980201087575489e-09,0,3.980201087575489e-09
130,4.028032837031098e-09,0,4.028032837031098e-09
131,4.058049826468075e-09,0,4.058049826468075e-09
132,4.061981541584196e-09,0,4.061981541584196e-09
133,4.133153259033432e-09,0,4.133153259033432e-09
134,4.249108352714291e-09,0,4.249108352714291e-09
135,4.384952693677311e-09,0,4.384952693677311e-09
136,4.571422334922376e-09,0,4.571422334922376e-09
137,4.750243264499969e-09,0,4.750243264499969e-09
138,5.073113535959795e-09,0,5.073113535959795e-09
139,5.424607552482786e-09,0,5.424607552482786e-09
140,5.707349137703868e-09,0,5.707349137703868e-09
141,5.989419855589033e-09,0,5.989419855589033e-09
142,6.2663165374394705e-09,0,6.2663165374394705e-09
143,6.603057266131653e-09,0,6.603057266131653e-09
144,6.864906648608271e-09,0,6.864906648608271e-09
145,7.030570787872659e-09,0,7.030570787872659e-09
146,7.28704898833934e-09,0,7.28704898833934e-09
147,7.585644488528115e-09,0,7.585644488528115e-09
148,7.882892431137916e-09,0,7.882892431137916e-09
149,8.18558453356578e-09,0,8.18558453356578e-09
150,8.321420853341135e-09,0,8.321420853341135e-09
151,8.49460036494543e-09,0,8.49460036494543e-09
152,8.540630724343565e-09,0,8.540630724343565e-09
153,8.459492743141517e-09,0,8.459492743141517e-09
154,8.474236612419225e-09,0,8.474236612419225e-09
155,8.888094634678249e-09,0,8.888094634678249e-09
156,9.681015290598593e-09,0,9.681015290598593e-09
157,1.0968814761723978e-08,0,1.0968814761723978e-08
158,1.3190787652934765e-08,0,1.3190787652934765e-08
159,1.6563458352679222e-08,0,1.6563458352679222e-08
160,2.1325039624000672e-08,0,2.1325039624000672e-08
161,2.8659506967015228e-08,0,2.8659506967015228e-08
162,3.866605501232825e-08,0,3.866605501232825e-08
163,5.2487635723074175e-08,0,5.2487635723074175e-08
164,7.034470101344057e-08,0,7.034470101344057e-08
165,1.0030746078785917e-07,0,1.0030746078785917e-07
166,1.4916631763583263e-07,0,1.4916631763583263e-07
167,2.2859437138734696e-07,0,2.2859437138734696e-07
168,3.345670783962268e-07,0,3.345670783962268e-07
169,5.189580301993444e-07,0,5.189580301993444e-07
170,9.308724777847111e-07,0,9.308724777847111e-07
171,1.8631852716841176e-06,0,1.8631852716841176e-06
172,4.104283776975899e-06,0,4.104283776975899e-06
173,9.890945919813777e-06,0,9.890945919813777e-06
174,2.2559138260240925e-05,0,2.2559138260240925e-05
175,5.070134425570952e-05,0,5.070134425570952e-05
176,0.00010168206290795031,0,0.00010168206290795031
177,0.00018777304181643705,0,0.00018777304181643705
178,0.0003467545231150165,0,0.0003467545231150165
179,0.0006403405842371414,0,0.0006403405842371414
