Temperature: 60 C
Humidity: 10 %
Date: 1970-01-01 00:00:00.000000
voltage,pad,gr,totalCurrent
0,4.58289057960831e-11,0,4.58289057960831e-11
1,6.11244308783945e-11,0,6.11244308783945e-11
2,8.15250591234852e-11,0,8.15250591234852e-11
3,1.0873427490115633e-10,0,1.0873427490115633e-10
4,1.370689382715001e-10,0,1.370689382715001e-10
5,1.7977183089557695e-10,0,1.7977183089557695e-10
6,2.3766702674131135e-10,0,2.3766702674131135e-10
7,3.082675715551818e-10,0,3.082675715551818e-10
8,3.6611113508317356e-10,0,3.6611113508317356e-10
9,4.325781006514895e-10,0,4.325781006514895e-10
10,5.060763046926418e-10,0,5.060763046926418e-10
11,5.949334968700676e-10,0,5.949334968700676e-10
12,6.776985675723177e-10,0,6.776985675723177e-10
13,7.728579353315286e-10,0,7.728579353315286e-10
14,8.820703722556842e-10,0,8.820703722556842e-10
15,1.0163468164659062e-09,0,1.0163468164659062e-09
16,1.2319480212979075e-09,0,1.2319480212979075e-09
17,1.5430203662240238e-09,0,1.5430203662240238e-09
18,1.990016765310975e-09,0,1.990016765310975e-09
19,2.526044661438872e-09,0,2.526044661438872e-09
20,3.170558904030583e-09,0,3.170558904030583e-09
21,3.8998444677315696e-09,0,3.8998444677315696e-09
22,4.810370165674792e-09,0,4.810370165674792e-09
23,5.635181362788043e-09,0,5.635181362788043e-09
24,6.347472976434214e-09,0,6.347472976434214e-09
25,6.7998974813059705e-09,0,6.7998974813059705e-09
26,7.146863478273922e-09,0,7.146863478273922e-09
27,7.3796585883878046e-09,0,7.3796585883878046e-09
28,7.570418232729769e-09,0,7.570418232729769e-09
29,7.667672972101972e-09,0,7.667672972101972e-09
30,7.709002323621657e-09,0,7.709002323621657e-09
31,7.800839493753458e-09,0,7.800839493753458e-09
32,7.845211981312185e-09,0,7.845211981312185e-09
33,7.94592711332855e-09,0,7.94592711332855e-09
34,8.008832698260264e-09,0,8.008832698260264e-09
35,7.956979751055286e-09,0,7.956979751055286e-09
36,7.847589726710949e-09,0,7.847589726710949e-09
37,7.781831270763368e-09,0,7.781831270763368e-09
38,7.716623834259869e-09,0,7.716623834259869e-09
39,7.666477597976689e-09,0,7.666477597976689e-09
40,7.6004507265405e-09,0,7.6004507265405e-09
41,7.535009052021905e-09,0,7.535009052021905e-09
42,7.615553429676466e-09,0,7.615553429676466e-09
43,7.753686676908797e-09,0,7.753686676908797e-09
44,7.887203842487603e-09,0,7.887203842487603e-09
45,8.023002533083665e-09,0,8.023002533083665e-09
46,8.299904681821367e-09,0,8.299904681821367e-09
47,8.544119775674412e-09,0,8.544119775674412e-09
48,8.767116722277062e-09,0,8.767116722277062e-09
49,8.824152172230909e-09,0,8.824152172230909e-09
50,8.896295770847625e-09,0,8.896295770847625e-09
51,9.130168289991601e-09,0,9.130168289991601e-09
52,9.370189025946217e-09,0,9.370189025946217e-09
53,9.567526526146525e-09,0,9.567526526146525e-09
54,9.701359954042404e-09,0,9.701359954042404e-09
55,9.868914149652505e-09,0,9.868914149652505e-09
56,1.0039373231258305e-08,0,1.0039373231258305e-08
57,1.0222727491439533e-08,0,1.0222727491439533e-08
58,1.0347180049243044e-08,0,1.0347180049243044e-08
59,1.0634677848019274e-08,0,1.0634677848019274e-08
60,1.084876653909975e-08,0,1.084876653909975e-08
61,1.0951894945977646e-08,0,1.0951894945977646e-08
62,1.0900813178563424e-08,0,1.0900813178563424e-08
63,1.0832567105832117e-08,0,1.0832567105832117e-08
64,1.0725544514238903e-08,0,1.0725544514238903e-08
65,1.052504471130575e-08,0,1.052504471130575e-08
66,1.0321468541366153e-08,0,1.0321468541366153e-08
67,1.012184106966299e-08,0,1.012184106966299e-08
68,1.0146130627051493e-08,0,1.0146130627051493e-08
69,1.0315271502914623e-08,0,1.0315271502914623e-08
70,1.0652335578468973e-08,0,1.0652335578468973e-08
71,1.1011591453018358e-08,0,1.1011591453018358e-08
72,1.1382963429473047e-08,0,1.1382963429473047e-08
73,1.1736461076376865e-08,0,1.1736461076376865e-08
74,1.2103487826609314e-08,0,1.2103487826609314e-08
75,1.24525209843857e-08,0,1.24525209843857e-08
76,1.281323711566161e-08,0,1.281323711566161e-08
77,1.3000905979549471e-08,0,1.3000905979549471e-08
78,1.3191323532324851e-08,0,1.3191323532324851e-08
79,1.3456008834243596e-08,0,1.3456008834243596e-08
80,1.357797208108195e-08,0,1.357797208108195e-08
81,1.3777779491326871e-08,0,1.3777779491326871e-08
82,1.408837592023185e-08,0,1.408837592023185e-08
83,1.454933780458123e-08,0,1.454933780458123e-08
84,1.5247560292749314e-08,0,1.5247560292749314e-08
85,1.597930801154093e-08,0,1.597930801154093e-08
86,1.6576229834588163e-08,0,1.6576229834588163e-08
87,1.7174581745304583e-08,0,1.7174581745304583e-08
88,1.7853849623921564e-08,0,1.7853849623921564e-08
89,1.8378431866732058e-08,0,1.8378431866732058e-08
90,1.867982464879013e-08,0,1.867982464879013e-08
91,1.840674425801573e-08,0,1.840674425801573e-08
92,1.81178321419275e-08,0,1.81178321419275e-08
93,1.7830870364427473e-08,0,1.7830870364427473e-08
94,1.7473528756534865e-08,0,1.7473528756534865e-08
95,1.7040581594762338e-08,0,1.7040581594762338e-08
96,1.6590450135667275e-08,0,1.6590450135667275e-08
97,1.6377000116378586e-08,0,1.6377000116378586e-08
98,1.6482420453892974e-08,0,1.6482420453892974e-08
99,1.6694623076269795e-08,0,1.6694623076269795e-08
100,1.6994617477671834e-08,0,1.6994617477671834e-08
101,1.7264632760510856e-08,0,1.7264632760510856e-08
102,1.7464073010854102e-08,0,1.7464073010854102e-08
103,1.7776761971814748e-08,0,1.7776761971814748e-08
104,1.7957810628209036e-08,0,1.7957810628209036e-08
105,1.839367313833765e-08,0,1.839367313833765e-08
106,1.8740878934214108e-08,0,1.8740878934214108e-08
107,1.9036507261573762e-08,0,1.9036507261573762e-08
108,1.9459477032192277e-08,0,1.9459477032192277e-08
109,2.011631075895421e-08,0,2.011631075895421e-08
110,2.080323954922121e-08,0,2.080323954922121e-08
111,2.1463206449540232e-08,0,2.1463206449540232e-08
112,2.1871763656660932e-08,0,2.1871763656660932e-08
113,2.2288073375387775e-08,0,2.2288073375387775e-08
114,2.2781013026068737e-08,0,2.2781013026068737e-08
115,2.3284854897642504e-08,0,2.3284854897642504e-08
116,2.4028614040500535e-08,0,2.4028614040500535e-08
117,2.4951772513447256e-08,0,2.4951772513447256e-08
118,2.5941567808921007e-08,0,2.5941567808921007e-08
119,2.6848898179317816e-08,0,2.6848898179317816e-08
120,2.768141350936349e-08,0,2.768141350936349e-08
121,2.8525019141410703e-08,0,2.8525019141410703e-08
122,2.9410346237374308e-08,0,2.9410346237374308e-08
123,2.9751889809798913e-08,0,2.9751889809798913e-08
124,2.989038975607211e-08,0,2.989038975607211e-08
125,3.055663415335448e-08,0,3.055663415335448e-08
126,3.1431871699096044e-08,0,3.1431871699096044e-08
127,3.2515946852837175e-08,0,3.2515946852837175e-08
128,3.4114345996190504e-08,0,3.4114345996190504e-08
129,3.599490531303926e-08,0,3.599490531303926e-08
130,3.791201228283587e-08,0,3.791201228283587e-08
131,3.9402418603481546e-08,0,3.9402418603481546e-08
132,4.007603705036041e-08,0,4.007603705036041e-08
133,4.0442388406255296e-08,0,4.0442388406255296e-08
134,4.073763774846004e-08,0,4.073763774846004e-08
135,4.114914438291903e-08,0,4.114914438291903e-08
136,4.130721590960003e-08,0,4.130721590960003e-08
137,4.131646907894013e-08,0,4.131646907894013e-08
138,4.160306872297853e-08,0,4.160306872297853e-08
139,4.206033786160207e-08,0,4.206033786160207e-08
140,4.259314364736868e-08,0,4.259314364736868e-08
141,4.336004550501528e-08,0,4.336004550501528e-08
142,4.3596918657004246e-08,0,4.3596918657004246e-08
143,4.388285589835585e-08,0,4.388285589835585e-08
144,4.478691827381057e-08,0,4.478691827381057e-08
145,4.6283608136823826e-08,0,4.6283608136823826e-08
146,4.777887671207042e-08,0,4.777887671207042e-08
147,4.984584640511047e-08,0,4.984584640511047e-08
148,5.2044961165301985e-08,0,5.2044961165301985e-08
149,5.445684958694694e-08,0,5.445684958694694e-08
150,5.814259606449814e-08,0,5.814259606449814e-08
151,6.242172551739283e-08,0,6.242172551739283e-08
152,6.826431026364208e-08,0,6.826431026364208e-08
153,7.456896528972778e-08,0,7.456896528972778e-08
154,7.943824836314898e-08,0,7.943824836314898e-08
155,8.373248898745789e-08,0,8.373248898745789e-08
156,8.772720802195705e-08,0,8.772720802195705e-08
157,9.020383270647763e-08,0,9.020383270647763e-08
158,9.349933155166309e-08,0,9.349933155166309e-08
159,9.602128543510706e-08,0,9.602128543510706e-08
160,1.0079344145845021e-07,0,1.0079344145845021e-07
161,1.089408887969893e-07,0,1.089408887969893e-07
162,1.182814140121722e-07,0,1.182814140121722e-07
163,1.2828439997352208e-07,0,1.2828439997352208e-07
164,1.387839453916867e-07,0,1.387839453916867e-07
165,1.4725622204537112e-07,0,1.4725622204537112e-07
166,1.5491246505838706e-07,0,1.5491246505838706e-07
167,1.625373727790959e-07,0,1.625373727790959e-07
168,1.732846105032677e-07,0,1.732846105032677e-07
169,1.8818035339528666e-07,0,1.8818035339528666e-07
170,2.1086322061420556e-07,0,2.1086322061420556e-07
171,2.3628049275294332e-07,0,2.3628049275294332e-07
172,2.687671124033122e-07,0,2.687671124033122e-07
173,2.957529912705537e-07,0,2.957529912705537e-07
174,3.153183578531826e-07,0,3.153183578531826e-07
175,3.260206475894504e-07,0,3.260206475894504e-07
176,3.425667570315711e-07,0,3.425667570315711e-07
177,3.607367749095073e-07,0,3.607367749095073e-07
178,3.877024918977278e-07,0,3.877024918977278e-07
179,4.1379481970965284e-07,0,4.1379481970965284e-07
180,4.678477052371436e-07,0,4.678477052371436e-07
181,5.355456327444417e-07,0,5.355456327444417e-07
182,6.123062719961559e-07,0,6.123062719961559e-07
183,6.552783212674061e-07,0,6.552783212674061e-07
184,6.669515642961795e-07,0,6.669515642961795e-07
185,6.56633760276075e-07,0,6.56633760276075e-07
186,6.346162890850388e-07,0,6.346162890850388e-07
187,5.956792788923493e-07,0,5.956792788923493e-07
188,5.492003874625868e-07,0,5.492003874625868e-07
189,5.069549945753609e-07,0,5.069549945753609e-07
190,4.796826158305072e-07,0,4.796826158305072e-07
191,4.507798757327586e-07,0,4.507798757327586e-07
192,4.2589355811241885e-07,0,4.2589355811241885e-07
193,4.048259404271612e-07,0,4.048259404271612e-07
194,3.8629689295095723e-07,0,3.8629689295095723e-07
195,3.752809816346103e-07,0,3.752809816346103e-07
196,3.64579207719687e-07,0,3.64579207719687e-07
197,3.5737560586418365e-07,0,3.5737560586418365e-07
198,3.73943818369773e-07,0,3.73943818369773e-07
199,3.9542186524754746e-07,0,3.9542186524754746e-07
200,4.5029509790793716e-07,0,4.5029509790793716e-07
201,5.077125569276063e-07,0,5.077125569276063e-07
202,5.36972269773869e-07,0,5.36972269773869e-07
203,5.533787039349355e-07,0,5.533787039349355e-07
204,5.678845628727435e-07,0,5.678845628727435e-07
205,5.111715395490679e-07,0,5.111715395490679e-07
206,4.5293700857534287e-07,0,4.5293700857534287e-07
207,3.7267197300696894e-07,0,3.7267197300696894e-07
208,3.003082034562348e-07,0,3.003082034562348e-07
209,2.573227091391534e-07,0,2.573227091391534e-07
210,2.1042610342386673e-07,0,2.1042610342386673e-07
211,1.7242998752662915e-07,0,1.7242998752662915e-07
212,1.4795276991953607e-07,0,1.4795276991953607e-07
213,1.300984485712009e-07,0,1.300984485712009e-07
214,1.143988376389012e-07,0,1.143988376389012e-07
215,1.0847932766739545e-07,0,1.0847932766739545e-07
216,1.0313108514102216e-07,0,1.0313108514102216e-07
217,1.0543481197006437e-07,0,1.0543481197006437e-07
218,1.1561838669394734e-07,0,1.1561838669394734e-07
219,1.342345653222593e-07,0,1.342345653222593e-07
220,1.5206916743027427e-07,0,1.5206916743027427e-07
221,1.7448260946029237e-07,0,1.7448260946029237e-07
222,1.8983283519785362e-07,0,1.8983283519785362e-07
223,2.0829271820473475e-07,0,2.0829271820473475e-07
224,2.2854769256276478e-07,0,2.2854769256276478e-07
225,2.3561444879287077e-07,0,2.3561444879287077e-07
226,2.40820185369158e-07,0,2.40820185369158e-07
227,2.5204899277809297e-07,0,2.5204899277809297e-07
228,2.604608162871771e-07,0,2.604608162871771e-07
229,2.6443674116716633e-07,0,2.6443674116716633e-07
230,2.5705444598772715e-07,0,2.5705444598772715e-07
231,2.498782427525308e-07,0,2.498782427525308e-07
232,2.410243967954368e-07,0,2.410243967954368e-07
233,2.3683657735429908e-07,0,2.3683657735429908e-07
234,2.333560710079396e-07,0,2.333560710079396e-07
235,2.2992671353631208e-07,0,2.2992671353631208e-07
236,2.2304377269054228e-07,0,2.2304377269054228e-07
237,2.240697768814308e-07,0,2.240697768814308e-07
238,2.3204156015313604e-07,0,2.3204156015313604e-07
239,2.5170441144036827e-07,0,2.5170441144036827e-07
240,2.6858863918936733e-07,0,2.6858863918936733e-07
241,2.8970025108694075e-07,0,2.8970025108694075e-07
242,3.3031916576636274e-07,0,3.3031916576636274e-07
243,3.99102739786646e-07,0,3.99102739786646e-07
244,4.822093702484987e-07,0,4.822093702484987e-07
245,5.826215998410796e-07,0,5.826215998410796e-07
