Temperature: 170 C
Humidity: 10 %
Date: 1970-01-01 00:00:00.000000
voltage,pad,gr,totalCurrent
26,1.8968782437241142e-07,0,1.8968782437241142e-07
27,1.9546587056782594e-07,0,1.9546587056782594e-07
28,1.991599301709644e-07,0,1.991599301709644e-07
29,2.0222718595349764e-07,0,2.0222718595349764e-07
30,2.0562504923750217e-07,0,2.0562504923750217e-07
31,2.0863581679893377e-07,0,2.0863581679893377e-07
32,2.1097484229973407e-07,0,2.1097484229973407e-07
33,2.131836767774871e-07,0,2.131836767774871e-07
34,2.149780519116631e-07,0,2.149780519116631e-07
35,2.165482107900712e-07,0,2.165482107900712e-07
36,2.1811498947561522e-07,0,2.1811498947561522e-07
37,2.1874645560202184e-07,0,2.1874645560202184e-07
38,2.1868738066572447e-07,0,2.1868738066572447e-07
39,2.1800198366830589e-07,0,2.1800198366830589e-07
40,2.172082878951025e-07,0,2.172082878951025e-07
41,2.1666878910842418e-07,0,2.1666878910842418e-07
42,2.164861640939401e-07,0,2.164861640939401e-07
43,2.1630369300977542e-07,0,2.1630369300977542e-07
44,2.1682942657686287e-07,0,2.1682942657686287e-07
45,2.1847690590733794e-07,0,2.1847690590733794e-07
46,2.2036397722698415e-07,0,2.2036397722698415e-07
47,2.2227198473984753e-07,0,2.2227198473984753e-07
48,2.2411332651734986e-07,0,2.2411332651734986e-07
49,2.2544727313334411e-07,0,2.2544727313334411e-07
50,2.273748272169641e-07,0,2.273748272169641e-07
51,2.2922471438920697e-07,0,2.2922471438920697e-07
52,2.3193534458051074e-07,0,2.3193534458051074e-07
53,2.3468678937038937e-07,0,2.3468678937038937e-07
54,2.3777090691784222e-07,0,2.3777090691784222e-07
55,2.407051942726869e-07,0,2.407051942726869e-07
56,2.434844730177702e-07,0,2.434844730177702e-07
57,2.45661708098143e-07,0,2.45661708098143e-07
58,2.4788943767888267e-07,0,2.4788943767888267e-07
59,2.4895591864688276e-07,0,2.4895591864688276e-07
60,2.506044183968296e-07,0,2.506044183968296e-07
61,2.5232726921919416e-07,0,2.5232726921919416e-07
62,2.5484590326885604e-07,0,2.5484590326885604e-07
63,2.574422469001937e-07,0,2.574422469001937e-07
64,2.601407210602184e-07,0,2.601407210602184e-07
65,2.638300459375116e-07,0,2.638300459375116e-07
66,2.6720295641869007e-07,0,2.6720295641869007e-07
67,2.6921544017936436e-07,0,2.6921544017936436e-07
68,2.707375677287684e-07,0,2.707375677287684e-07
69,2.715464249841628e-07,0,2.715464249841628e-07
70,2.726892337921763e-07,0,2.726892337921763e-07
71,2.7393909609346165e-07,0,2.7393909609346165e-07
72,2.743833979305883e-07,0,2.743833979305883e-07
73,2.7490296276270696e-07,0,2.7490296276270696e-07
74,2.7585235067453244e-07,0,2.7585235067453244e-07
75,2.7678009698948875e-07,0,2.7678009698948875e-07
76,2.775929864572047e-07,0,2.775929864572047e-07
77,2.7849937106895733e-07,0,2.7849937106895733e-07
78,2.797236478487513e-07,0,2.797236478487513e-07
79,2.8066009993029667e-07,0,2.8066009993029667e-07
80,2.8222431343080246e-07,0,2.8222431343080246e-07
81,2.845085770884265e-07,0,2.845085770884265e-07
82,2.870743968662345e-07,0,2.870743968662345e-07
83,2.8979600861202767e-07,0,2.8979600861202767e-07
84,2.91958780419831e-07,0,2.91958780419831e-07
85,2.9374589199338014e-07,0,2.9374589199338014e-07
86,2.9540217242544623e-07,0,2.9540217242544623e-07
87,2.9650210340587346e-07,0,2.9650210340587346e-07
88,2.970896458218083e-07,0,2.970896458218083e-07
89,2.9767998669592884e-07,0,2.9767998669592884e-07
90,2.9839728315262784e-07,0,2.9839728315262784e-07
91,2.992766185520501e-07,0,2.992766185520501e-07
92,3.00492576772102e-07,0,3.00492576772102e-07
93,3.02196188476091e-07,0,3.02196188476091e-07
94,3.04712350044426e-07,0,3.04712350044426e-07
95,3.0712230828973955e-07,0,3.0712230828973955e-07
96,3.096720057301272e-07,0,3.096720057301272e-07
97,3.127853547945536e-07,0,3.127853547945536e-07
98,3.1697165798351133e-07,0,3.1697165798351133e-07
99,3.2104545386288544e-07,0,3.2104545386288544e-07
100,3.251341217010654e-07,0,3.251341217010654e-07
101,3.282165590561183e-07,0,3.282165590561183e-07
102,3.313274919217095e-07,0,3.313274919217095e-07
103,3.340597985904852e-07,0,3.340597985904852e-07
104,3.3613450775486885e-07,0,3.3613450775486885e-07
105,3.3765366642066665e-07,0,3.3765366642066665e-07
106,3.402781989862711e-07,0,3.402781989862711e-07
107,3.436305794949984e-07,0,3.436305794949984e-07
108,3.4813643472728724e-07,0,3.4813643472728724e-07
109,3.5305007144020386e-07,0,3.5305007144020386e-07
110,3.5815494316051105e-07,0,3.5815494316051105e-07
111,3.6347926481289847e-07,0,3.6347926481289847e-07
112,3.6827005011351917e-07,0,3.6827005011351917e-07
113,3.725508759319083e-07,0,3.725508759319083e-07
114,3.7642697069550067e-07,0,3.7642697069550067e-07
115,3.8019600850156495e-07,0,3.8019600850156495e-07
116,3.8488540249724704e-07,0,3.8488540249724704e-07
117,3.898983907637857e-07,0,3.898983907637857e-07
118,3.952638638012686e-07,0,3.952638638012686e-07
119,4.007322103341091e-07,0,4.007322103341091e-07
120,4.051638876767025e-07,0,4.051638876767025e-07
121,4.073575920650663e-07,0,4.073575920650663e-07
122,4.08171525690502e-07,0,4.08171525690502e-07
123,4.076135060420466e-07,0,4.076135060420466e-07
124,4.0717649139306024e-07,0,4.0717649139306024e-07
125,4.060398590690013e-07,0,4.060398590690013e-07
126,4.047334987411052e-07,0,4.047334987411052e-07
127,4.034313413929615e-07,0,4.034313413929615e-07
128,4.0380048812937324e-07,0,4.0380048812937324e-07
129,4.051790129605212e-07,0,4.051790129605212e-07
130,4.075338512496762e-07,0,4.075338512496762e-07
131,4.098578224102952e-07,0,4.098578224102952e-07
132,4.1344422602933175e-07,0,4.1344422602933175e-07
133,4.171998676555555e-07,0,4.171998676555555e-07
134,4.2085467552262195e-07,0,4.2085467552262195e-07
135,4.2371260170476216e-07,0,4.2371260170476216e-07
136,4.257696586147878e-07,0,4.257696586147878e-07
137,4.2831705287637836e-07,0,4.2831705287637836e-07
138,4.3168089692963124e-07,0,4.3168089692963124e-07
139,4.348218766786522e-07,0,4.348218766786522e-07
140,4.3806265985675197e-07,0,4.3806265985675197e-07
141,4.432438157580878e-07,0,4.432438157580878e-07
142,4.502921314867202e-07,0,4.502921314867202e-07
143,4.578434553075449e-07,0,4.578434553075449e-07
144,4.6419795641069317e-07,0,4.6419795641069317e-07
145,4.6947838353036905e-07,0,4.6947838353036905e-07
146,4.73821056752039e-07,0,4.73821056752039e-07
147,4.790678578731808e-07,0,4.790678578731808e-07
148,4.824328481026255e-07,0,4.824328481026255e-07
149,4.845796813810346e-07,0,4.845796813810346e-07
150,4.863145965982384e-07,0,4.863145965982384e-07
151,4.875726125024363e-07,0,4.875726125024363e-07
152,4.885441402553118e-07,0,4.885441402553118e-07
153,4.902421113450128e-07,0,4.902421113450128e-07
154,4.909725427189408e-07,0,4.909725427189408e-07
155,4.920383558013054e-07,0,4.920383558013054e-07
156,4.941573953594024e-07,0,4.941573953594024e-07
157,4.975431478345931e-07,0,4.975431478345931e-07
158,5.025850260465193e-07,0,5.025850260465193e-07
159,5.08890692628501e-07,0,5.08890692628501e-07
160,5.143349230141474e-07,0,5.143349230141474e-07
161,5.177861490954783e-07,0,5.177861490954783e-07
162,5.209075299236501e-07,0,5.209075299236501e-07
163,5.245548846338115e-07,0,5.245548846338115e-07
164,5.275386410757844e-07,0,5.275386410757844e-07
165,5.328961819344224e-07,0,5.328961819344224e-07
166,5.39803171297728e-07,0,5.39803171297728e-07
167,5.469161665889308e-07,0,5.469161665889308e-07
168,5.564958638142448e-07,0,5.564958638142448e-07
169,5.662458443551458e-07,0,5.662458443551458e-07
170,5.762324424557175e-07,0,5.762324424557175e-07
171,5.873507578015097e-07,0,5.873507578015097e-07
172,5.993583994181832e-07,0,5.993583994181832e-07
173,6.137918077779075e-07,0,6.137918077779075e-07
174,6.284389190912598e-07,0,6.284389190912598e-07
175,6.423407638910389e-07,0,6.423407638910389e-07
176,6.561811557286669e-07,0,6.561811557286669e-07
177,6.627490959401451e-07,0,6.627490959401451e-07
178,6.647495652631133e-07,0,6.647495652631133e-07
179,6.611225679756096e-07,0,6.611225679756096e-07
180,6.54851096509725e-07,0,6.54851096509725e-07
181,6.501742510689756e-07,0,6.501742510689756e-07
182,6.46423050367101e-07,0,6.46423050367101e-07
183,6.437599084306032e-07,0,6.437599084306032e-07
184,6.488456814939555e-07,0,6.488456814939555e-07
185,6.57088119918855e-07,0,6.57088119918855e-07
186,6.679247479566916e-07,0,6.679247479566916e-07
187,6.804139493468458e-07,0,6.804139493468458e-07
188,6.933817768765015e-07,0,6.933817768765015e-07
189,7.065975305777507e-07,0,7.065975305777507e-07
190,7.1761611269567e-07,0,7.1761611269567e-07
191,7.260072091877762e-07,0,7.260072091877762e-07
192,7.340183558840117e-07,0,7.340183558840117e-07
193,7.371900420492129e-07,0,7.371900420492129e-07
194,7.327227730490357e-07,0,7.327227730490357e-07
195,7.26174624846726e-07,0,7.26174624846726e-07
196,7.19815387869995e-07,0,7.19815387869995e-07
197,7.195980807096623e-07,0,7.195980807096623e-07
198,7.231408392776483e-07,0,7.231408392776483e-07
199,7.304784472595713e-07,0,7.304784472595713e-07
200,7.413360920924674e-07,0,7.413360920924674e-07
201,7.664802704146722e-07,0,7.664802704146722e-07
202,8.009659317037547e-07,0,8.009659317037547e-07
203,8.372632958460969e-07,0,8.372632958460969e-07
204,8.707198870143887e-07,0,8.707198870143887e-07
205,9.076096266580138e-07,0,9.076096266580138e-07
206,9.543773321556354e-07,0,9.543773321556354e-07
207,1.0120740907042857e-06,0,1.0120740907042857e-06
208,1.0572403664905783e-06,0,1.0572403664905783e-06
209,1.07007019969604e-06,0,1.07007019969604e-06
210,1.0523542530918508e-06,0,1.0523542530918508e-06
211,1.0215512924913e-06,0,1.0215512924913e-06
212,9.782307767666284e-07,0,9.782307767666284e-07
213,9.054258988161012e-07,0,9.054258988161012e-07
214,8.273083142717144e-07,0,8.273083142717144e-07
215,7.475825127255171e-07,0,7.475825127255171e-07
216,6.976681717445115e-07,0,6.976681717445115e-07
217,6.701703758969793e-07,0,6.701703758969793e-07
218,6.515041103590039e-07,0,6.515041103590039e-07
219,6.368016680826101e-07,0,6.368016680826101e-07
220,6.312521154379544e-07,0,6.312521154379544e-07
221,6.274447268744446e-07,0,6.274447268744446e-07
222,6.306251819701622e-07,0,6.306251819701622e-07
223,6.156478821631402e-07,0,6.156478821631402e-07
224,6.006489468098015e-07,0,6.006489468098015e-07
225,5.81556843553253e-07,0,5.81556843553253e-07
226,5.634092521991659e-07,0,5.634092521991659e-07
227,5.491135624659842e-07,0,5.491135624659842e-07
228,5.480727325506498e-07,0,5.480727325506498e-07
229,5.470332748803243e-07,0,5.470332748803243e-07
230,5.469161665889308e-07,0,5.469161665889308e-07
231,5.467984830057829e-07,0,5.467984830057829e-07
232,5.508726325114029e-07,0,5.508726325114029e-07
233,5.56473256934552e-07,0,5.56473256934552e-07
234,5.636895475952746e-07,0,5.636895475952746e-07
235,5.662520615315735e-07,0,5.662520615315735e-07
236,5.700641735180445e-07,0,5.700641735180445e-07
237,5.94982489792575e-07,0,5.94982489792575e-07
238,6.328093233440471e-07,0,6.328093233440471e-07
239,6.791846434318036e-07,0,6.791846434318036e-07
240,7.296664377112313e-07,0,7.296664377112313e-07
241,7.829284186827486e-07,0,7.829284186827486e-07
242,8.295449646391103e-07,0,8.295449646391103e-07
243,8.770274594955067e-07,0,8.770274594955067e-07
244,8.905403982844743e-07,0,8.905403982844743e-07
245,8.864062092427593e-07,0,8.864062092427593e-07
246,8.620170989894748e-07,0,8.620170989894748e-07
247,8.299576622182606e-07,0,8.299576622182606e-07
248,8.009096503494677e-07,0,8.009096503494677e-07
249,7.677647294050919e-07,0,7.677647294050919e-07
250,7.345738458301888e-07,0,7.345738458301888e-07
251,7.17233289394341e-07,0,7.17233289394341e-07
252,7.010660154219448e-07,0,7.010660154219448e-07
253,7.13014550318473e-07,0,7.13014550318473e-07
254,7.389306931965157e-07,0,7.389306931965157e-07
255,7.811621702313506e-07,0,7.811621702313506e-07
256,8.289540623348045e-07,0,8.289540623348045e-07
257,8.788686036664248e-07,0,8.788686036664248e-07
258,9.227500468711966e-07,0,9.227500468711966e-07
259,9.652422131822847e-07,0,9.652422131822847e-07
260,9.72486470040733e-07,0,9.72486470040733e-07
261,9.60200203152268e-07,0,9.60200203152268e-07
262,9.183503667715562e-07,0,9.183503667715562e-07
263,8.360773460277452e-07,0,8.360773460277452e-07
264,7.633384392033149e-07,0,7.633384392033149e-07
265,7.178738063231673e-07,0,7.178738063231673e-07
266,6.776196991886285e-07,0,6.776196991886285e-07
267,6.346274376968117e-07,0,6.346274376968117e-07
268,5.94362863358119e-07,0,5.94362863358119e-07
269,5.56652915325153e-07,0,5.56652915325153e-07
