Temperature: 20 C
Humidity: 24 %
Date: 1970-01-01 00:00:00.000000
voltage,pad,gr,totalCurrent
0,5.576243183007684e-11,0,5.576243183007684e-11
1,5.76669789595508e-11,0,5.76669789595508e-11
2,5.963657525652593e-11,0,5.963657525652593e-11
3,6.167344245346929e-11,0,6.167344245346929e-11
4,6.250416070444509e-11,0,6.250416070444509e-11
5,6.013510514280123e-11,0,6.013510514280123e-11
6,5.7098562603664784e-11,0,5.7098562603664784e-11
7,5.405771747477463e-11,0,5.405771747477463e-11
8,5.0604407798430796e-11,0,5.0604407798430796e-11
9,4.7975635549783067e-11,0,4.7975635549783067e-11
10,4.644640803646485e-11,0,4.644640803646485e-11
11,4.563188183411722e-11,0,4.563188183411722e-11
12,4.68011596961343e-11,0,4.68011596961343e-11
13,5.009713492444656e-11,0,5.009713492444656e-11
14,5.468789374108317e-11,0,5.468789374108317e-11
15,6.015531244047065e-11,0,6.015531244047065e-11
16,6.732797800112663e-11,0,6.732797800112663e-11
17,7.668801172135901e-11,0,7.668801172135901e-11
18,9.206329883674142e-11,0,9.206329883674142e-11
19,1.1394667586720259e-10,0,1.1394667586720259e-10
20,1.3888653433089662e-10,0,1.3888653433089662e-10
21,1.6761054498768243e-10,0,1.6761054498768243e-10
22,2.003429318246517e-10,0,2.003429318246517e-10
23,2.32082582057573e-10,0,2.32082582057573e-10
24,2.5921153709753574e-10,0,2.5921153709753574e-10
25,2.741271441440473e-10,0,2.741271441440473e-10
26,2.816136006972444e-10,0,2.816136006972444e-10
27,2.841205554443925e-10,0,2.841205554443925e-10
28,2.8463199335874253e-10,0,2.8463199335874253e-10
29,2.8750275184929377e-10,0,2.8750275184929377e-10
30,2.9153338891350207e-10,0,2.9153338891350207e-10
31,2.9734712281263846e-10,0,2.9734712281263846e-10
32,3.0403695107280453e-10,0,3.0403695107280453e-10
33,3.1095375700305846e-10,0,3.1095375700305846e-10
34,3.201074291354532e-10,0,3.201074291354532e-10
35,3.296709741160796e-10,0,3.296709741160796e-10
36,3.389153863302238e-10,0,3.389153863302238e-10
37,3.4812458551282343e-10,0,3.4812458551282343e-10
38,3.5762171499251866e-10,0,3.5762171499251866e-10
39,3.6624702774511657e-10,0,3.6624702774511657e-10
40,3.733669957463866e-10,0,3.733669957463866e-10
41,3.7815355715372783e-10,0,3.7815355715372783e-10
42,3.8260387722523005e-10,0,3.8260387722523005e-10
43,3.8570990849559676e-10,0,3.8570990849559676e-10
44,3.8932816137206703e-10,0,3.8932816137206703e-10
45,3.922070501681985e-10,0,3.922070501681985e-10
46,3.9535631302715774e-10,0,3.9535631302715774e-10
47,3.9953679176427406e-10,0,3.9953679176427406e-10
48,4.041908299799538e-10,0,4.041908299799538e-10
49,4.096558191850795e-10,0,4.096558191850795e-10
50,4.1458792925746395e-10,0,4.1458792925746395e-10
51,4.196798605761751e-10,0,4.196798605761751e-10
52,4.2587952994458697e-10,0,4.2587952994458697e-10
53,4.358064671332883e-10,0,4.358064671332883e-10
54,4.470158415440193e-10,0,4.470158415440193e-10
55,4.602678044489397e-10,0,4.602678044489397e-10
56,4.734767858617344e-10,0,4.734767858617344e-10
57,4.89197913740097e-10,0,4.89197913740097e-10
58,5.05512078451729e-10,0,5.05512078451729e-10
59,5.234531195575419e-10,0,5.234531195575419e-10
60,5.390267250887274e-10,0,5.390267250887274e-10
61,5.539057323661414e-10,0,5.539057323661414e-10
62,5.672377245512758e-10,0,5.672377245512758e-10
63,5.80805147250586e-10,0,5.80805147250586e-10
64,5.914516537945738e-10,0,5.914516537945738e-10
65,6.012414585415476e-10,0,6.012414585415476e-10
66,6.087154030778257e-10,0,6.087154030778257e-10
67,6.157114252684544e-10,0,6.157114252684544e-10
68,6.235706063441081e-10,0,6.235706063441081e-10
69,6.326835773754e-10,0,6.326835773754e-10
70,6.416210935531455e-10,0,6.416210935531455e-10
71,6.521424921353849e-10,0,6.521424921353849e-10
72,6.639843753210876e-10,0,6.639843753210876e-10
73,6.757236737031979e-10,0,6.757236737031979e-10
74,6.865117698494688e-10,0,6.865117698494688e-10
75,6.948900358342175e-10,0,6.948900358342175e-10
76,7.020219152582929e-10,0,7.020219152582929e-10
77,7.078282671605272e-10,0,7.078282671605272e-10
78,7.121812915567381e-10,0,7.121812915567381e-10
79,7.146816396687746e-10,0,7.146816396687746e-10
80,7.185401404784654e-10,0,7.185401404784654e-10
81,7.262782824578348e-10,0,7.262782824578348e-10
82,7.358266495559567e-10,0,7.358266495559567e-10
83,7.47142685694067e-10,0,7.47142685694067e-10
84,7.584528522136858e-10,0,7.584528522136858e-10
85,7.701337605908593e-10,0,7.701337605908593e-10
86,7.827178394639492e-10,0,7.827178394639492e-10
87,7.963080116916871e-10,0,7.963080116916871e-10
88,8.056245610311345e-10,0,8.056245610311345e-10
89,8.126678202582952e-10,0,8.126678202582952e-10
90,8.168759406824912e-10,0,8.168759406824912e-10
91,8.215134485520656e-10,0,8.215134485520656e-10
92,8.271393784425297e-10,0,8.271393784425297e-10
93,8.360231870846044e-10,0,8.360231870846044e-10
94,8.453439024142417e-10,0,8.453439024142417e-10
95,8.568470183112454e-10,0,8.568470183112454e-10
96,8.749672667908126e-10,0,8.749672667908126e-10
97,8.980242787703147e-10,0,8.980242787703147e-10
98,9.213914129512782e-10,0,9.213914129512782e-10
99,9.43651324809346e-10,0,9.43651324809346e-10
100,9.611262894052871e-10,0,9.611262894052871e-10
101,9.728196649292136e-10,0,9.728196649292136e-10
102,9.80486744502098e-10,0,9.80486744502098e-10
103,9.802951402816842e-10,0,9.802951402816842e-10
104,9.748704686215052e-10,0,9.748704686215052e-10
105,9.692139977070306e-10,0,9.692139977070306e-10
106,9.643545129659914e-10,0,9.643545129659914e-10
107,9.63188397968949e-10,0,9.63188397968949e-10
108,9.68858634635544e-10,0,9.68858634635544e-10
109,9.827479148855973e-10,0,9.827479148855973e-10
110,1.0018110730172963e-09,0,1.0018110730172963e-09
111,1.028544873047023e-09,0,1.028544873047023e-09
112,1.06476348969094e-09,0,1.06476348969094e-09
113,1.1119942045284605e-09,0,1.1119942045284605e-09
114,1.1627693719768376e-09,0,1.1627693719768376e-09
115,1.2147448150382769e-09,0,1.2147448150382769e-09
116,1.2616164786327007e-09,0,1.2616164786327007e-09
117,1.3048039802372168e-09,0,1.3048039802372168e-09
118,1.3395173915783422e-09,0,1.3395173915783422e-09
119,1.3638199591166052e-09,0,1.3638199591166052e-09
120,1.375562052461652e-09,0,1.375562052461652e-09
121,1.3928663752503246e-09,0,1.3928663752503246e-09
122,1.414529071194598e-09,0,1.414529071194598e-09
123,1.4483432703085252e-09,0,1.4483432703085252e-09
124,1.4958125295967304e-09,0,1.4958125295967304e-09
125,1.5583537620777715e-09,0,1.5583537620777715e-09
126,1.6318736830958795e-09,0,1.6318736830958795e-09
127,1.7249455804290014e-09,0,1.7249455804290014e-09
128,1.8194301158432616e-09,0,1.8194301158432616e-09
129,1.9220127136869863e-09,0,1.9220127136869863e-09
130,2.0170119945444255e-09,0,2.0170119945444255e-09
131,2.1176877814474197e-09,0,2.1176877814474197e-09
132,2.2163934508929745e-09,0,2.2163934508929745e-09
133,2.31987300079619e-09,0,2.31987300079619e-09
134,2.408143684088322e-09,0,2.408143684088322e-09
135,2.5039978803710464e-09,0,2.5039978803710464e-09
136,2.6022213652950275e-09,0,2.6022213652950275e-09
137,2.7162842767996433e-09,0,2.7162842767996433e-09
138,2.8254769346877105e-09,0,2.8254769346877105e-09
139,2.949086165718362e-09,0,2.949086165718362e-09
140,3.0781841771768584e-09,0,3.0781841771768584e-09
141,3.209936413576295e-09,0,3.209936413576295e-09
142,3.3448076448061034e-09,0,3.3448076448061034e-09
143,3.5028164556728764e-09,0,3.5028164556728764e-09
144,3.6826641102563173e-09,0,3.6826641102563173e-09
145,3.901994556920674e-09,0,3.901994556920674e-09
146,4.1610195167985605e-09,0,4.1610195167985605e-09
147,4.46552761953621e-09,0,4.46552761953621e-09
148,4.892011364636783e-09,0,4.892011364636783e-09
149,5.550697658240298e-09,0,5.550697658240298e-09
150,6.407200013280434e-09,0,6.407200013280434e-09
151,7.494102343383054e-09,0,7.494102343383054e-09
152,8.994294310737538e-09,0,8.994294310737538e-09
153,1.1899484423182301e-08,0,1.1899484423182301e-08
154,1.8511322968006553e-08,0,1.8511322968006553e-08
155,2.8200562964012755e-08,0,2.8200562964012755e-08
156,3.27918309909949e-08,0,3.27918309909949e-08
157,3.6174897286168514e-08,0,3.6174897286168514e-08
158,3.896865427436604e-08,0,3.896865427436604e-08
159,3.6373636644801987e-08,0,3.6373636644801987e-08
160,3.395142756157201e-08,0,3.395142756157201e-08
161,3.169051928255294e-08,0,3.169051928255294e-08
