Temperature: 20 C
Humidity: 20 %
Date: 1970-01-01 00:00:00.000000
voltage,pad,gr,totalCurrent
0,4.50119618275501e-11,0,4.50119618275501e-11
1,4.928217829873934e-11,0,4.928217829873934e-11
2,5.3957385236507225e-11,0,5.3957385236507225e-11
3,5.907611071719455e-11,0,5.907611071719455e-11
4,6.367198690930138e-11,0,6.367198690930138e-11
5,6.918084263155142e-11,0,6.918084263155142e-11
6,7.603522298450607e-11,0,7.603522298450607e-11
7,8.350085854323638e-11,0,8.350085854323638e-11
8,8.99079911309513e-11,0,8.99079911309513e-11
9,9.486001875401739e-11,0,9.486001875401739e-11
10,9.821071883024462e-11,0,9.821071883024462e-11
11,1.033298882672438e-10,0,1.033298882672438e-10
12,1.0983095359564518e-10,0,1.0983095359564518e-10
13,1.1790267712106824e-10,0,1.1790267712106824e-10
14,1.276556381275563e-10,0,1.276556381275563e-10
15,1.3994794635049717e-10,0,1.3994794635049717e-10
16,1.5716879016462194e-10,0,1.5716879016462194e-10
17,1.795666708301622e-10,0,1.795666708301622e-10
18,2.1124998006355165e-10,0,2.1124998006355165e-10
19,2.552284106817988e-10,0,2.552284106817988e-10
20,3.0253580930755917e-10,0,3.0253580930755917e-10
21,3.533447963791929e-10,0,3.533447963791929e-10
22,4.066488524627418e-10,0,4.066488524627418e-10
23,4.6183910170108065e-10,0,4.6183910170108065e-10
24,5.16015440282035e-10,0,5.16015440282035e-10
25,5.518721208665667e-10,0,5.518721208665667e-10
26,5.675654136880489e-10,0,5.675654136880489e-10
27,5.827623495466837e-10,0,5.827623495466837e-10
28,5.963788484016022e-10,0,5.963788484016022e-10
29,6.107384932078234e-10,0,6.107384932078234e-10
30,6.219350616441794e-10,0,6.219350616441794e-10
31,6.313290529378703e-10,0,6.313290529378703e-10
32,6.413238747677464e-10,0,6.413238747677464e-10
33,6.512938389731643e-10,0,6.512938389731643e-10
34,6.611675743712574e-10,0,6.611675743712574e-10
35,6.722825546960398e-10,0,6.722825546960398e-10
36,6.84641978003692e-10,0,6.84641978003692e-10
37,6.966440022435642e-10,0,6.966440022435642e-10
38,7.071415858900118e-10,0,7.071415858900118e-10
39,7.170600620497635e-10,0,7.170600620497635e-10
40,7.275057553574363e-10,0,7.275057553574363e-10
41,7.387895378767371e-10,0,7.387895378767371e-10
42,7.49193041057596e-10,0,7.49193041057596e-10
43,7.58119825558093e-10,0,7.58119825558093e-10
44,7.63490991128662e-10,0,7.63490991128662e-10
45,7.679755017132436e-10,0,7.679755017132436e-10
46,7.709103894232291e-10,0,7.709103894232291e-10
47,7.73156688169621e-10,0,7.73156688169621e-10
48,7.762920504910699e-10,0,7.762920504910699e-10
49,7.83114979015978e-10,0,7.83114979015978e-10
50,7.913660566314223e-10,0,7.913660566314223e-10
51,8.041187105004921e-10,0,8.041187105004921e-10
52,8.181990351233509e-10,0,8.181990351233509e-10
53,8.325259098375036e-10,0,8.325259098375036e-10
54,8.461239099117542e-10,0,8.461239099117542e-10
55,8.578900392439681e-10,0,8.578900392439681e-10
56,8.666415523467778e-10,0,8.666415523467778e-10
57,8.758246108185292e-10,0,8.758246108185292e-10
58,8.809940837372005e-10,0,8.809940837372005e-10
59,8.872611232516041e-10,0,8.872611232516041e-10
60,8.953424461378096e-10,0,8.953424461378096e-10
61,9.072708739851372e-10,0,9.072708739851372e-10
62,9.229466171436624e-10,0,9.229466171436624e-10
63,9.40434581162056e-10,0,9.40434581162056e-10
64,9.588727544550476e-10,0,9.588727544550476e-10
65,9.809152984226883e-10,0,9.809152984226883e-10
66,1.0021565157980912e-09,0,1.0021565157980912e-09
67,1.0230553702034207e-09,0,1.0230553702034207e-09
68,1.0419298449152772e-09,0,1.0419298449152772e-09
69,1.0589458032411646e-09,0,1.0589458032411646e-09
70,1.0748815940492521e-09,0,1.0748815940492521e-09
71,1.088984346214671e-09,0,1.088984346214671e-09
72,1.1018654432763176e-09,0,1.1018654432763176e-09
73,1.1146908252610421e-09,0,1.1146908252610421e-09
74,1.1304025971891401e-09,0,1.1304025971891401e-09
75,1.146705926010206e-09,0,1.146705926010206e-09
76,1.1641438829091952e-09,0,1.1641438829091952e-09
77,1.183831444104215e-09,0,1.183831444104215e-09
78,1.205846847724971e-09,0,1.205846847724971e-09
79,1.227425042898158e-09,0,1.227425042898158e-09
80,1.2512289064699006e-09,0,1.2512289064699006e-09
81,1.2762873013903083e-09,0,1.2762873013903083e-09
82,1.3023908169409773e-09,0,1.3023908169409773e-09
83,1.3295273657869288e-09,0,1.3295273657869288e-09
84,1.3572054876987011e-09,0,1.3572054876987011e-09
85,1.3875423467487295e-09,0,1.3875423467487295e-09
86,1.4221128949957784e-09,0,1.4221128949957784e-09
87,1.4571511403964976e-09,0,1.4571511403964976e-09
88,1.488495794646175e-09,0,1.488495794646175e-09
89,1.52209483212286e-09,0,1.52209483212286e-09
90,1.552929067019819e-09,0,1.552929067019819e-09
91,1.5831741647214797e-09,0,1.5831741647214797e-09
92,1.611638973685218e-09,0,1.611638973685218e-09
93,1.6376388764934074e-09,0,1.6376388764934074e-09
94,1.6683976743994553e-09,0,1.6683976743994553e-09
95,1.706634579893113e-09,0,1.706634579893113e-09
96,1.7400490282392694e-09,0,1.7400490282392694e-09
97,1.7600553018315406e-09,0,1.7600553018315406e-09
98,1.7757352026450205e-09,0,1.7757352026450205e-09
99,1.7963845020665715e-09,0,1.7963845020665715e-09
100,1.825877968520368e-09,0,1.825877968520368e-09
101,1.8817043617744904e-09,0,1.8817043617744904e-09
102,1.9333274959100597e-09,0,1.9333274959100597e-09
103,2.0003389519980306e-09,0,2.0003389519980306e-09
104,2.0847438254575847e-09,0,2.0847438254575847e-09
105,2.1705308923787555e-09,0,2.1705308923787555e-09
106,2.2469381095752777e-09,0,2.2469381095752777e-09
107,2.315862205380066e-09,0,2.315862205380066e-09
108,2.366644956407902e-09,0,2.366644956407902e-09
109,2.4170175309514326e-09,0,2.4170175309514326e-09
110,2.4612256257653857e-09,0,2.4612256257653857e-09
111,2.5374304648510176e-09,0,2.5374304648510176e-09
112,2.6452995688389688e-09,0,2.6452995688389688e-09
113,2.798437594468504e-09,0,2.798437594468504e-09
114,2.99252632209936e-09,0,2.99252632209936e-09
115,3.2122774523570975e-09,0,3.2122774523570975e-09
116,3.4860422731144906e-09,0,3.4860422731144906e-09
117,3.7765316121473145e-09,0,3.7765316121473145e-09
118,4.040940965125187e-09,0,4.040940965125187e-09
119,4.2633708630294436e-09,0,4.2633708630294436e-09
120,4.418114521596119e-09,0,4.418114521596119e-09
121,4.511953195582034e-09,0,4.511953195582034e-09
122,4.5461852949836005e-09,0,4.5461852949836005e-09
123,4.540418756907576e-09,0,4.540418756907576e-09
124,4.524136480920457e-09,0,4.524136480920457e-09
125,4.523341780735792e-09,0,4.523341780735792e-09
126,4.540458638600313e-09,0,4.540458638600313e-09
127,4.617204602231308e-09,0,4.617204602231308e-09
128,4.7294163510083175e-09,0,4.7294163510083175e-09
129,4.851892596612721e-09,0,4.851892596612721e-09
130,4.988307578496886e-09,0,4.988307578496886e-09
131,5.163033347442801e-09,0,5.163033347442801e-09
132,5.331010054810582e-09,0,5.331010054810582e-09
133,5.525645297662684e-09,0,5.525645297662684e-09
134,5.699483925571706e-09,0,5.699483925571706e-09
135,5.8606947803482564e-09,0,5.8606947803482564e-09
136,6.03254280194964e-09,0,6.03254280194964e-09
137,6.2404593758454195e-09,0,6.2404593758454195e-09
138,6.458703950447533e-09,0,6.458703950447533e-09
139,6.70051183817291e-09,0,6.70051183817291e-09
140,6.943973383182006e-09,0,6.943973383182006e-09
141,7.248761728789878e-09,0,7.248761728789878e-09
142,7.71694579711227e-09,0,7.71694579711227e-09
143,8.243759199713218e-09,0,8.243759199713218e-09
144,8.782628170763074e-09,0,8.782628170763074e-09
145,9.400422910416162e-09,0,9.400422910416162e-09
146,1.0100570257697402e-08,0,1.0100570257697402e-08
147,1.0913914733867456e-08,0,1.0913914733867456e-08
148,1.1873056913295474e-08,0,1.1873056913295474e-08
149,1.276486302926152e-08,0,1.276486302926152e-08
150,1.3840610370605308e-08,0,1.3840610370605308e-08
151,1.4993460843424046e-08,0,1.4993460843424046e-08
152,1.6560730679731177e-08,0,1.6560730679731177e-08
153,1.8420168480986027e-08,0,1.8420168480986027e-08
154,2.1626807208331056e-08,0,2.1626807208331056e-08
155,2.5556154126764996e-08,0,2.5556154126764996e-08
156,2.992657751729878e-08,0,2.992657751729878e-08
157,3.4677298862117e-08,0,3.4677298862117e-08
158,4.2152800324361966e-08,0,4.2152800324361966e-08
159,5.212227612644742e-08,0,5.212227612644742e-08
160,6.895516151926129e-08,0,6.895516151926129e-08
161,9.543752364252302e-08,0,9.543752364252302e-08
162,1.3482036450525437e-07,0,1.3482036450525437e-07
163,1.9045476026193684e-07,0,1.9045476026193684e-07
164,2.6904730354213365e-07,0,2.6904730354213365e-07
