Temperature: 20 C
Humidity: 2 %
Date: 1970-01-01 00:00:00.000000
voltage,pad,gr,totalCurrent
0,2.11112714048174e-12,0,2.11112714048174e-12
1,3.3748058008112887e-12,0,3.3748058008112887e-12
2,5.394909186093984e-12,0,5.394909186093984e-12
3,8.624194377949906e-12,0,8.624194377949906e-12
4,1.2407415765914005e-11,0,1.2407415765914005e-11
5,1.856210250982132e-11,0,1.856210250982132e-11
6,2.698840006174056e-11,0,2.698840006174056e-11
7,3.692405418221794e-11,0,3.692405418221794e-11
8,4.604760577168952e-11,0,4.604760577168952e-11
9,5.2980882299651404e-11,0,5.2980882299651404e-11
10,5.862509674194812e-11,0,5.862509674194812e-11
11,6.584971877564054e-11,0,6.584971877564054e-11
12,7.200722900299124e-11,0,7.200722900299124e-11
13,7.779900538084219e-11,0,7.779900538084219e-11
14,8.53474383801907e-11,0,8.53474383801907e-11
15,9.459957949735551e-11,0,9.459957949735551e-11
16,1.0378947987842169e-10,0,1.0378947987842169e-10
17,1.1407435820368706e-10,0,1.1407435820368706e-10
18,1.2515311783051313e-10,0,1.2515311783051313e-10
19,1.380991731114316e-10,0,1.380991731114316e-10
20,1.5037363813269224e-10,0,1.5037363813269224e-10
21,1.620642534479203e-10,0,1.620642534479203e-10
22,1.7365563215027882e-10,0,1.7365563215027882e-10
23,1.8731786239132868e-10,0,1.8731786239132868e-10
24,2.0115935285719566e-10,0,2.0115935285719566e-10
25,2.1442337389771497e-10,0,2.1442337389771497e-10
26,2.2573335356556783e-10,0,2.2573335356556783e-10
27,2.3667748838280445e-10,0,2.3667748838280445e-10
28,2.467633051829897e-10,0,2.467633051829897e-10
29,2.560311284654391e-10,0,2.560311284654391e-10
30,2.6432208154670603e-10,0,2.6432208154670603e-10
31,2.7351623426453333e-10,0,2.7351623426453333e-10
32,2.820177054832736e-10,0,2.820177054832736e-10
33,2.8919081929447216e-10,0,2.8919081929447216e-10
34,2.9596998673744733e-10,0,2.9596998673744733e-10
35,3.032388357560793e-10,0,3.032388357560793e-10
36,3.1177286238227114e-10,0,3.1177286238227114e-10
37,3.216625590182385e-10,0,3.216625590182385e-10
38,3.2943505743643283e-10,0,3.2943505743643283e-10
39,3.366545483789974e-10,0,3.366545483789974e-10
40,3.442498957763789e-10,0,3.442498957763789e-10
41,3.5158244622772046e-10,0,3.5158244622772046e-10
42,3.5713986119839706e-10,0,3.5713986119839706e-10
43,3.6087820099875896e-10,0,3.6087820099875896e-10
44,3.623345000571484e-10,0,3.623345000571484e-10
45,3.6348285659577716e-10,0,3.6348285659577716e-10
46,3.630927570770336e-10,0,3.630927570770336e-10
47,3.624451131524784e-10,0,3.624451131524784e-10
48,3.6224142023683727e-10,0,3.6224142023683727e-10
49,3.6463325124017676e-10,0,3.6463325124017676e-10
50,3.68526898777206e-10,0,3.68526898777206e-10
51,3.7318174823639193e-10,0,3.7318174823639193e-10
52,3.7817846978070877e-10,0,3.7817846978070877e-10
53,3.828736656101834e-10,0,3.828736656101834e-10
54,3.876271536631416e-10,0,3.876271536631416e-10
55,3.9195306256011413e-10,0,3.9195306256011413e-10
56,3.9336542132165644e-10,0,3.9336542132165644e-10
57,3.9262411862282533e-10,0,3.9262411862282533e-10
58,3.911285234918214e-10,0,3.911285234918214e-10
59,3.899382053626149e-10,0,3.899382053626149e-10
60,3.911311001567674e-10,0,3.911311001567674e-10
61,3.9516883291192014e-10,0,3.9516883291192014e-10
62,4.0125481560324527e-10,0,4.0125481560324527e-10
63,4.0906432963488443e-10,0,4.0906432963488443e-10
64,4.1867194074194267e-10,0,4.1867194074194267e-10
65,4.302684196832623e-10,0,4.302684196832623e-10
66,4.418454097979153e-10,0,4.418454097979153e-10
67,4.524424594215675e-10,0,4.524424594215675e-10
68,4.599859028461313e-10,0,4.599859028461313e-10
69,4.658757566114892e-10,0,4.658757566114892e-10
70,4.700756746498385e-10,0,4.700756746498385e-10
71,4.73520455921263e-10,0,4.73520455921263e-10
72,4.764335730251458e-10,0,4.764335730251458e-10
73,4.805503008235238e-10,0,4.805503008235238e-10
74,4.866885074146019e-10,0,4.866885074146019e-10
75,4.94066795455958e-10,0,4.94066795455958e-10
76,5.025006050881299e-10,0,5.025006050881299e-10
77,5.124685355474905e-10,0,5.124685355474905e-10
78,5.224494556396139e-10,0,5.224494556396139e-10
79,5.323301082355996e-10,0,5.323301082355996e-10
80,5.419487816903099e-10,0,5.419487816903099e-10
81,5.526409783367995e-10,0,5.526409783367995e-10
82,5.649454701919652e-10,0,5.649454701919652e-10
83,5.774465655695464e-10,0,5.774465655695464e-10
84,5.908973353784804e-10,0,5.908973353784804e-10
85,6.057551769139717e-10,0,6.057551769139717e-10
86,6.219869610675773e-10,0,6.219869610675773e-10
87,6.395055338839314e-10,0,6.395055338839314e-10
88,6.542682477859009e-10,0,6.542682477859009e-10
89,6.69789330016343e-10,0,6.69789330016343e-10
90,6.838426274522365e-10,0,6.838426274522365e-10
91,6.980083632949421e-10,0,6.980083632949421e-10
92,7.13924030469759e-10,0,7.13924030469759e-10
93,7.338402688566832e-10,0,7.338402688566832e-10
94,7.625677639514245e-10,0,7.625677639514245e-10
95,7.970620261330102e-10,0,7.970620261330102e-10
96,8.285373152881634e-10,0,8.285373152881634e-10
97,8.485949580826723e-10,0,8.485949580826723e-10
98,8.658084074163416e-10,0,8.658084074163416e-10
99,8.853771224260619e-10,0,8.853771224260619e-10
100,9.028250477897094e-10,0,9.028250477897094e-10
101,9.38229561675622e-10,0,9.38229561675622e-10
102,9.74801967542924e-10,0,9.74801967542924e-10
103,1.0219102741268132e-09,0,1.0219102741268132e-09
104,1.1018122132686425e-09,0,1.1018122132686425e-09
105,1.1879641979027059e-09,0,1.1879641979027059e-09
106,1.2713781687788758e-09,0,1.2713781687788758e-09
107,1.3669621598176297e-09,0,1.3669621598176297e-09
108,1.471673242481523e-09,0,1.471673242481523e-09
109,1.6663180118477733e-09,0,1.6663180118477733e-09
110,1.9869209095936017e-09,0,1.9869209095936017e-09
111,2.5105056317415697e-09,0,2.5105056317415697e-09
112,3.3879781841693297e-09,0,3.3879781841693297e-09
113,5.261336014235923e-09,0,5.261336014235923e-09
114,8.921218870205894e-09,0,8.921218870205894e-09
115,1.58457582154394e-08,0,1.58457582154394e-08
116,2.881550252483166e-08,0,2.881550252483166e-08
117,5.577345338594006e-08,0,5.577345338594006e-08
118,1.0576118895640479e-07,0,1.0576118895640479e-07
119,1.877702585833974e-07,0,1.877702585833974e-07
120,2.7301158003040435e-07,0,2.7301158003040435e-07
121,2.7630066571757384e-07,0,2.7630066571757384e-07
122,2.254858913805864e-07,0,2.254858913805864e-07
123,1.5675517995287193e-07,0,1.5675517995287193e-07
124,1.0897426580612983e-07,0,1.0897426580612983e-07
125,7.575764737244536e-08,0,7.575764737244536e-08
