Temperature: 20 C
Humidity: 8 %
Date: 1970-01-01 00:00:00.000000
voltage,pad,gr,totalCurrent
0,7.358056442775768e-11,0,7.358056442775768e-11
1,7.270122824047712e-11,0,7.270122824047712e-11
2,7.183240069955277e-11,0,7.183240069955277e-11
3,7.097411207277815e-11,0,7.097411207277815e-11
4,6.99820911500427e-11,0,6.99820911500427e-11
5,7.13643464201488e-11,0,7.13643464201488e-11
6,7.388511886074852e-11,0,7.388511886074852e-11
7,7.798904044986795e-11,0,7.798904044986795e-11
8,8.22750101106006e-11,0,8.22750101106006e-11
9,8.632777564247164e-11,0,8.632777564247164e-11
10,9.069780544910289e-11,0,9.069780544910289e-11
11,9.72428813280849e-11,0,9.72428813280849e-11
12,1.0541802766982528e-10,0,1.0541802766982528e-10
13,1.1519200777722648e-10,0,1.1519200777722648e-10
14,1.2680630007628886e-10,0,1.2680630007628886e-10
15,1.4450901580660895e-10,0,1.4450901580660895e-10
16,1.7011344507205822e-10,0,1.7011344507205822e-10
17,2.0675335979748027e-10,0,2.0675335979748027e-10
18,2.599925246294809e-10,0,2.599925246294809e-10
19,3.4197074352432966e-10,0,3.4197074352432966e-10
20,4.426397920594843e-10,0,4.426397920594843e-10
21,5.604760906523044e-10,0,5.604760906523044e-10
22,6.894577413314352e-10,0,6.894577413314352e-10
23,8.264131659039443e-10,0,8.264131659039443e-10
24,9.537153103386745e-10,0,9.537153103386745e-10
25,1.0390578062341954e-09,0,1.0390578062341954e-09
26,1.062367267178324e-09,0,1.062367267178324e-09
27,1.087006133504903e-09,0,1.087006133504903e-09
28,1.1069704999455042e-09,0,1.1069704999455042e-09
29,1.1210436827484279e-09,0,1.1210436827484279e-09
30,1.1324398918151972e-09,0,1.1324398918151972e-09
31,1.1419716815541607e-09,0,1.1419716815541607e-09
32,1.1527449965349529e-09,0,1.1527449965349529e-09
33,1.1633823360869897e-09,0,1.1633823360869897e-09
34,1.1761590146442537e-09,0,1.1761590146442537e-09
35,1.198173806503192e-09,0,1.198173806503192e-09
36,1.222464917216221e-09,0,1.222464917216221e-09
37,1.2449144372637166e-09,0,1.2449144372637166e-09
38,1.2681381861162577e-09,0,1.2681381861162577e-09
39,1.290204777261123e-09,0,1.290204777261123e-09
40,1.3099371003478981e-09,0,1.3099371003478981e-09
41,1.3226812360716702e-09,0,1.3226812360716702e-09
42,1.3293872356953933e-09,0,1.3293872356953933e-09
43,1.3397262520895477e-09,0,1.3397262520895477e-09
44,1.349058032117433e-09,0,1.349058032117433e-09
45,1.3581177689072781e-09,0,1.3581177689072781e-09
46,1.3737056255488228e-09,0,1.3737056255488228e-09
47,1.39364042058308e-09,0,1.39364042058308e-09
48,1.4162664960891925e-09,0,1.4162664960891925e-09
49,1.4356110131144772e-09,0,1.4356110131144772e-09
50,1.454226279360091e-09,0,1.454226279360091e-09
51,1.4766162872066616e-09,0,1.4766162872066616e-09
52,1.503049705689727e-09,0,1.503049705689727e-09
53,1.5245936484486616e-09,0,1.5245936484486616e-09
54,1.5512998933491674e-09,0,1.5512998933491674e-09
55,1.580020631417323e-09,0,1.580020631417323e-09
56,1.6085241073195078e-09,0,1.6085241073195078e-09
57,1.6314079000472723e-09,0,1.6314079000472723e-09
58,1.648488183068807e-09,0,1.648488183068807e-09
59,1.6674563790063406e-09,0,1.6674563790063406e-09
60,1.690024014032104e-09,0,1.690024014032104e-09
61,1.7065446392240018e-09,0,1.7065446392240018e-09
62,1.7218763791511804e-09,0,1.7218763791511804e-09
63,1.746426476011661e-09,0,1.746426476011661e-09
64,1.7720191014563197e-09,0,1.7720191014563197e-09
65,1.7979828202181221e-09,0,1.7979828202181221e-09
66,1.8236300378808028e-09,0,1.8236300378808028e-09
67,1.8550041226559715e-09,0,1.8550041226559715e-09
68,1.886197139576396e-09,0,1.886197139576396e-09
69,1.9142835341084758e-09,0,1.9142835341084758e-09
70,1.9377052328645533e-09,0,1.9377052328645533e-09
71,1.9739829584338177e-09,0,1.9739829584338177e-09
72,2.0154402450000934e-09,0,2.0154402450000934e-09
73,2.056702077345361e-09,0,2.056702077345361e-09
74,2.090648536448256e-09,0,2.090648536448256e-09
75,2.1406488181167887e-09,0,2.1406488181167887e-09
76,2.191945992040808e-09,0,2.191945992040808e-09
77,2.2386641131823806e-09,0,2.2386641131823806e-09
78,2.2777336470793006e-09,0,2.2777336470793006e-09
79,2.3204691042509458e-09,0,2.3204691042509458e-09
80,2.360385721446391e-09,0,2.360385721446391e-09
81,2.3960854196519576e-09,0,2.3960854196519576e-09
82,2.419954398934806e-09,0,2.419954398934806e-09
83,2.4535037170711597e-09,0,2.4535037170711597e-09
84,2.489769669611216e-09,0,2.489769669611216e-09
85,2.5198950086333945e-09,0,2.5198950086333945e-09
86,2.5499816544839964e-09,0,2.5499816544839964e-09
87,2.584476509051643e-09,0,2.584476509051643e-09
88,2.6196393225272106e-09,0,2.6196393225272106e-09
89,2.6506782217318582e-09,0,2.6506782217318582e-09
90,2.678135852339834e-09,0,2.678135852339834e-09
91,2.7198117223382747e-09,0,2.7198117223382747e-09
92,2.769004647665329e-09,0,2.769004647665329e-09
93,2.8096749672774755e-09,0,2.8096749672774755e-09
94,2.8523327950602406e-09,0,2.8523327950602406e-09
95,2.909450151650407e-09,0,2.909450151650407e-09
96,2.968597694475826e-09,0,2.968597694475826e-09
97,3.032315110865374e-09,0,3.032315110865374e-09
98,3.090775649304369e-09,0,3.090775649304369e-09
99,3.1537964233283988e-09,0,3.1537964233283988e-09
100,3.2279469719016516e-09,0,3.2279469719016516e-09
101,3.3041891689388854e-09,0,3.3041891689388854e-09
102,3.3873458672891785e-09,0,3.3873458672891785e-09
103,3.4825074301902976e-09,0,3.4825074301902976e-09
104,3.567910407495016e-09,0,3.567910407495016e-09
105,3.6485431255105186e-09,0,3.6485431255105186e-09
106,3.728737524771367e-09,0,3.728737524771367e-09
107,3.807867261005667e-09,0,3.807867261005667e-09
108,3.8770291757906535e-09,0,3.8770291757906535e-09
109,3.923241981824512e-09,0,3.923241981824512e-09
110,3.972979511106108e-09,0,3.972979511106108e-09
111,4.037969412967123e-09,0,4.037969412967123e-09
112,4.100941440477819e-09,0,4.100941440477819e-09
113,4.164365094706739e-09,0,4.164365094706739e-09
114,4.237740150229608e-09,0,4.237740150229608e-09
115,4.331655406290595e-09,0,4.331655406290595e-09
116,4.4388960108068575e-09,0,4.4388960108068575e-09
117,4.549071309852535e-09,0,4.549071309852535e-09
118,4.662626202777488e-09,0,4.662626202777488e-09
119,4.7879546917867385e-09,0,4.7879546917867385e-09
120,4.90320704379838e-09,0,4.90320704379838e-09
121,5.002633912587386e-09,0,5.002633912587386e-09
122,5.098935014180523e-09,0,5.098935014180523e-09
123,5.215668155104559e-09,0,5.215668155104559e-09
124,5.3314080890265584e-09,0,5.3314080890265584e-09
125,5.435673144550734e-09,0,5.435673144550734e-09
126,5.551343705799389e-09,0,5.551343705799389e-09
127,5.713455905653986e-09,0,5.713455905653986e-09
128,5.899754892829059e-09,0,5.899754892829059e-09
129,6.103550502787373e-09,0,6.103550502787373e-09
130,6.305573304160363e-09,0,6.305573304160363e-09
131,6.5409299163169255e-09,0,6.5409299163169255e-09
132,6.79063102550724e-09,0,6.79063102550724e-09
133,7.046351225555295e-09,0,7.046351225555295e-09
134,7.292411546579053e-09,0,7.292411546579053e-09
135,7.578851296543207e-09,0,7.578851296543207e-09
136,7.854986016809315e-09,0,7.854986016809315e-09
137,8.124751116581939e-09,0,8.124751116581939e-09
138,8.400459740919095e-09,0,8.400459740919095e-09
139,8.724098455849464e-09,0,8.724098455849464e-09
140,9.064145932442696e-09,0,9.064145932442696e-09
141,9.427627784853855e-09,0,9.427627784853855e-09
142,9.83425770644407e-09,0,9.83425770644407e-09
143,1.0322431852244005e-08,0,1.0322431852244005e-08
144,1.084171722740686e-08,0,1.084171722740686e-08
145,1.1363869992377498e-08,0,1.1363869992377498e-08
146,1.1967512323348988e-08,0,1.1967512323348988e-08
147,1.2715778010103376e-08,0,1.2715778010103376e-08
148,1.3513558611436473e-08,0,1.3513558611436473e-08
149,1.4315374921863108e-08,0,1.4315374921863108e-08
150,1.5172260845437814e-08,0,1.5172260845437814e-08
151,1.6244870273683157e-08,0,1.6244870273683157e-08
152,1.7526406281810503e-08,0,1.7526406281810503e-08
153,1.8893455608895813e-08,0,1.8893455608895813e-08
154,2.0447977032093557e-08,0,2.0447977032093557e-08
155,2.2391336326706057e-08,0,2.2391336326706057e-08
156,2.4842101483469076e-08,0,2.4842101483469076e-08
157,2.772530541706025e-08,0,2.772530541706025e-08
158,3.135931018295299e-08,0,3.135931018295299e-08
159,3.67370270231052e-08,0,3.67370270231052e-08
160,4.4690395208280513e-08,0,4.4690395208280513e-08
161,5.540888203747427e-08,0,5.540888203747427e-08
162,7.259553978778526e-08,0,7.259553978778526e-08
163,1.0112576771620599e-07,0,1.0112576771620599e-07
164,1.4673072803468908e-07,0,1.4673072803468908e-07
165,2.2036034800055696e-07,0,2.2036034800055696e-07
166,3.3093738183761103e-07,0,3.3093738183761103e-07
167,4.970026229274393e-07,0,4.970026229274393e-07
