Temperature: 60 C
Humidity: 10 %
Date: 1970-01-01 00:00:00.000000
voltage,pad,gr,totalCurrent
26,8.853557363300972e-10,0,8.853557363300972e-10
27,9.094470690856951e-10,0,9.094470690856951e-10
28,9.216888858240562e-10,0,9.216888858240562e-10
29,9.339252525787387e-10,0,9.339252525787387e-10
30,9.46421742987578e-10,0,9.46421742987578e-10
31,9.592560510219136e-10,0,9.592560510219136e-10
32,9.72546265846991e-10,0,9.72546265846991e-10
33,9.845882793116372e-10,0,9.845882793116372e-10
34,9.944488173433857e-10,0,9.944488173433857e-10
35,1.0032706644745717e-09,0,1.0032706644745717e-09
36,1.0108314046912704e-09,0,1.0108314046912704e-09
37,1.016994248217741e-09,0,1.016994248217741e-09
38,1.0232620731235024e-09,0,1.0232620731235024e-09
39,1.0292678785357612e-09,0,1.0292678785357612e-09
40,1.0354703613215061e-09,0,1.0354703613215061e-09
41,1.0420122158360141e-09,0,1.0420122158360141e-09
42,1.0487750205679467e-09,0,1.0487750205679467e-09
43,1.0561173035280482e-09,0,1.0561173035280482e-09
44,1.0635740456326693e-09,0,1.0635740456326693e-09
45,1.070890588828595e-09,0,1.070890588828595e-09
46,1.0779639013649753e-09,0,1.0779639013649753e-09
47,1.0849600375543718e-09,0,1.0849600375543718e-09
48,1.0919080638314887e-09,0,1.0919080638314887e-09
49,1.0989657403592425e-09,0,1.0989657403592425e-09
50,1.105967028646175e-09,0,1.105967028646175e-09
51,1.1130520267414204e-09,0,1.1130520267414204e-09
52,1.1203595339743981e-09,0,1.1203595339743981e-09
53,1.1282500394065261e-09,0,1.1282500394065261e-09
54,1.136552956165849e-09,0,1.136552956165849e-09
55,1.144934574135337e-09,0,1.144934574135337e-09
56,1.1533020240016273e-09,0,1.1533020240016273e-09
57,1.1615928759059768e-09,0,1.1615928759059768e-09
58,1.1697044273653397e-09,0,1.1697044273653397e-09
59,1.1778260665712964e-09,0,1.1778260665712964e-09
60,1.1856525597075153e-09,0,1.1856525597075153e-09
61,1.193358092333213e-09,0,1.193358092333213e-09
62,1.201287793656504e-09,0,1.201287793656504e-09
63,1.2092940861014503e-09,0,1.2092940861014503e-09
64,1.2174633449639386e-09,0,1.2174633449639386e-09
65,1.2258815942731377e-09,0,1.2258815942731377e-09
66,1.2343472101117248e-09,0,1.2343472101117248e-09
67,1.2429340614010643e-09,0,1.2429340614010643e-09
68,1.2514349929829895e-09,0,1.2514349929829895e-09
69,1.2598557314148567e-09,0,1.2598557314148567e-09
70,1.2683916214366382e-09,0,1.2683916214366382e-09
71,1.276988148758807e-09,0,1.276988148758807e-09
72,1.2855864770210283e-09,0,1.2855864770210283e-09
73,1.2944189193074343e-09,0,1.2944189193074343e-09
74,1.3034064918924664e-09,0,1.3034064918924664e-09
75,1.312531403420513e-09,0,1.312531403420513e-09
76,1.3219030598145837e-09,0,1.3219030598145837e-09
77,1.3313562487900081e-09,0,1.3313562487900081e-09
78,1.3408976507148082e-09,0,1.3408976507148082e-09
79,1.3507298712070215e-09,0,1.3507298712070215e-09
80,1.3607686464913387e-09,0,1.3607686464913387e-09
81,1.3710596527677169e-09,0,1.3710596527677169e-09
82,1.3817500748035588e-09,0,1.3817500748035588e-09
83,1.3930193145426042e-09,0,1.3930193145426042e-09
84,1.4049634420683886e-09,0,1.4049634420683886e-09
85,1.417489254665661e-09,0,1.417489254665661e-09
86,1.430406266252705e-09,0,1.430406266252705e-09
87,1.443374423738931e-09,0,1.443374423738931e-09
88,1.4563034448643783e-09,0,1.4563034448643783e-09
89,1.4686289296230086e-09,0,1.4686289296230086e-09
90,1.4803889132676598e-09,0,1.4803889132676598e-09
91,1.492220126771386e-09,0,1.492220126771386e-09
92,1.5043539969321086e-09,0,1.5043539969321086e-09
93,1.5167297422337413e-09,0,1.5167297422337413e-09
94,1.5294927556514215e-09,0,1.5294927556514215e-09
95,1.5423123649084076e-09,0,1.5423123649084076e-09
96,1.5558030291727112e-09,0,1.5558030291727112e-09
97,1.5694254820319619e-09,0,1.5694254820319619e-09
98,1.5824963888548041e-09,0,1.5824963888548041e-09
99,1.5957777746822635e-09,0,1.5957777746822635e-09
100,1.6094321348703314e-09,0,1.6094321348703314e-09
101,1.6224264720478665e-09,0,1.6224264720478665e-09
102,1.6350876221717463e-09,0,1.6350876221717463e-09
103,1.6478403407801701e-09,0,1.6478403407801701e-09
104,1.6611228943477825e-09,0,1.6611228943477825e-09
105,1.6743433754752439e-09,0,1.6743433754752439e-09
106,1.6863946995394683e-09,0,1.6863946995394683e-09
107,1.697872712077825e-09,0,1.697872712077825e-09
108,1.7100220441539212e-09,0,1.7100220441539212e-09
109,1.7228824445790538e-09,0,1.7228824445790538e-09
110,1.7356070613107836e-09,0,1.7356070613107836e-09
111,1.7485677211176857e-09,0,1.7485677211176857e-09
112,1.7624996359142515e-09,0,1.7624996359142515e-09
113,1.7770575797936534e-09,0,1.7770575797936534e-09
114,1.7916256071244613e-09,0,1.7916256071244613e-09
115,1.80626149683717e-09,0,1.80626149683717e-09
116,1.8207970271913005e-09,0,1.8207970271913005e-09
117,1.8357074990459192e-09,0,1.8357074990459192e-09
118,1.8504474825423376e-09,0,1.8504474825423376e-09
119,1.8648512153604054e-09,0,1.8648512153604054e-09
120,1.8794083354443246e-09,0,1.8794083354443246e-09
121,1.8935883624914573e-09,0,1.8935883624914573e-09
122,1.907138161406115e-09,0,1.907138161406115e-09
123,1.9208903674994923e-09,0,1.9208903674994923e-09
124,1.9347374910192384e-09,0,1.9347374910192384e-09
125,1.9490909957569165e-09,0,1.9490909957569165e-09
126,1.96419354917974e-09,0,1.96419354917974e-09
127,1.9801217516728277e-09,0,1.9801217516728277e-09
128,1.9975033590674344e-09,0,1.9975033590674344e-09
129,2.017082862820498e-09,0,2.017082862820498e-09
130,2.0383442588940427e-09,0,2.0383442588940427e-09
131,2.060626003698988e-09,0,2.060626003698988e-09
132,2.0834120754485294e-09,0,2.0834120754485294e-09
133,2.105076760159441e-09,0,2.105076760159441e-09
134,2.1257013613433377e-09,0,2.1257013613433377e-09
135,2.1467165852645793e-09,0,2.1467165852645793e-09
136,2.167173247686517e-09,0,2.167173247686517e-09
137,2.186696132780107e-09,0,2.186696132780107e-09
138,2.2066468463501973e-09,0,2.2066468463501973e-09
139,2.2274398075862395e-09,0,2.2274398075862395e-09
140,2.250409452114168e-09,0,2.250409452114168e-09
141,2.2749643832291645e-09,0,2.2749643832291645e-09
142,2.299267135363121e-09,0,2.299267135363121e-09
143,2.3244062096059383e-09,0,2.3244062096059383e-09
144,2.3509091563380256e-09,0,2.3509091563380256e-09
145,2.377954480593237e-09,0,2.377954480593237e-09
146,2.4049201136222627e-09,0,2.4049201136222627e-09
147,2.4321060800033022e-09,0,2.4321060800033022e-09
148,2.460031488915146e-09,0,2.460031488915146e-09
149,2.4878786933752903e-09,0,2.4878786933752903e-09
150,2.5148203919849627e-09,0,2.5148203919849627e-09
151,2.542327386681072e-09,0,2.542327386681072e-09
152,2.5708408237305636e-09,0,2.5708408237305636e-09
153,2.6001935933947033e-09,0,2.6001935933947033e-09
154,2.629604315157437e-09,0,2.629604315157437e-09
155,2.658868888135946e-09,0,2.658868888135946e-09
156,2.6882584273149393e-09,0,2.6882584273149393e-09
157,2.7186652481120254e-09,0,2.7186652481120254e-09
158,2.74796135016789e-09,0,2.74796135016789e-09
159,2.7775731444908565e-09,0,2.7775731444908565e-09
160,2.8083302703739184e-09,0,2.8083302703739184e-09
161,2.8410682986706425e-09,0,2.8410682986706425e-09
162,2.876738937305044e-09,0,2.876738937305044e-09
163,2.914988210859002e-09,0,2.914988210859002e-09
164,2.9546802062463113e-09,0,2.9546802062463113e-09
165,2.9949718582660554e-09,0,2.9949718582660554e-09
166,3.0341734601858296e-09,0,3.0341734601858296e-09
167,3.0743742158055605e-09,0,3.0743742158055605e-09
168,3.115483855442945e-09,0,3.115483855442945e-09
169,3.156664872762369e-09,0,3.156664872762369e-09
170,3.2001816958546982e-09,0,3.2001816958546982e-09
171,3.246963976747683e-09,0,3.246963976747683e-09
172,3.3004038515791915e-09,0,3.3004038515791915e-09
173,3.3582390147081083e-09,0,3.3582390147081083e-09
174,3.41675751757606e-09,0,3.41675751757606e-09
175,3.475433230133366e-09,0,3.475433230133366e-09
176,3.5355125021528727e-09,0,3.5355125021528727e-09
177,3.59097201713983e-09,0,3.59097201713983e-09
178,3.6406999105413147e-09,0,3.6406999105413147e-09
179,3.6876489633249353e-09,0,3.6876489633249353e-09
180,3.734621142488611e-09,0,3.734621142488611e-09
181,3.7827647537148956e-09,0,3.7827647537148956e-09
182,3.8335235619613726e-09,0,3.8335235619613726e-09
183,3.885825206375882e-09,0,3.885825206375882e-09
184,3.944691725929795e-09,0,3.944691725929795e-09
185,4.010645383859854e-09,0,4.010645383859854e-09
186,4.078982425169756e-09,0,4.078982425169756e-09
187,4.154272564625171e-09,0,4.154272564625171e-09
188,4.236372429780806e-09,0,4.236372429780806e-09
189,4.322457615304884e-09,0,4.322457615304884e-09
190,4.413024006468805e-09,0,4.413024006468805e-09
191,4.508536274424606e-09,0,4.508536274424606e-09
192,4.608847503892624e-09,0,4.608847503892624e-09
193,4.7158517346846605e-09,0,4.7158517346846605e-09
194,4.823433386167104e-09,0,4.823433386167104e-09
195,4.932678492308716e-09,0,4.932678492308716e-09
196,5.0463256512871515e-09,0,5.0463256512871515e-09
197,5.1612989877080366e-09,0,5.1612989877080366e-09
198,5.278092039992172e-09,0,5.278092039992172e-09
199,5.402638811445921e-09,0,5.402638811445921e-09
200,5.533890330043522e-09,0,5.533890330043522e-09
201,5.665368813821021e-09,0,5.665368813821021e-09
202,5.797475297961237e-09,0,5.797475297961237e-09
203,5.942949983367749e-09,0,5.942949983367749e-09
204,6.107277642573383e-09,0,6.107277642573383e-09
205,6.2775687983886454e-09,0,6.2775687983886454e-09
206,6.449661676807169e-09,0,6.449661676807169e-09
207,6.633751883388229e-09,0,6.633751883388229e-09
208,6.84212135889038e-09,0,6.84212135889038e-09
209,7.064943547820774e-09,0,7.064943547820774e-09
210,7.287689086426721e-09,0,7.287689086426721e-09
211,7.509554374839132e-09,0,7.509554374839132e-09
212,7.744582876621487e-09,0,7.744582876621487e-09
213,7.971215379244708e-09,0,7.971215379244708e-09
214,8.174232302419401e-09,0,8.174232302419401e-09
215,8.37756174966786e-09,0,8.37756174966786e-09
216,8.59481486904493e-09,0,8.59481486904493e-09
217,8.841667052374281e-09,0,8.841667052374281e-09
218,9.120149248719091e-09,0,9.120149248719091e-09
219,9.42864225120936e-09,0,9.42864225120936e-09
220,9.799055887688416e-09,0,9.799055887688416e-09
221,1.0228767855499209e-08,0,1.0228767855499209e-08
222,1.0689276399242373e-08,0,1.0689276399242373e-08
223,1.1188413802899225e-08,0,1.1188413802899225e-08
224,1.1709109942458279e-08,0,1.1709109942458279e-08
225,1.2252370457462672e-08,0,1.2252370457462672e-08
226,1.2836752892700186e-08,0,1.2836752892700186e-08
227,1.3491113567038344e-08,0,1.3491113567038344e-08
228,1.4223408806495921e-08,0,1.4223408806495921e-08
229,1.5007559104104488e-08,0,1.5007559104104488e-08
230,1.5858951372849104e-08,0,1.5858951372849104e-08
231,1.6821912810398195e-08,0,1.6821912810398195e-08
232,1.7918124942120213e-08,0,1.7918124942120213e-08
233,1.9168178830851045e-08,0,1.9168178830851045e-08
234,2.060648628633977e-08,0,2.060648628633977e-08
235,2.226598667780582e-08,0,2.226598667780582e-08
236,2.4296746067929304e-08,0,2.4296746067929304e-08
237,2.6770804276674914e-08,0,2.6770804276674914e-08
238,2.984716639147191e-08,0,2.984716639147191e-08
239,3.3544912192001364e-08,0,3.3544912192001364e-08
240,3.816523141622159e-08,0,3.816523141622159e-08
241,4.390059028706019e-08,0,4.390059028706019e-08
242,5.166276916294748e-08,0,5.166276916294748e-08
243,6.182741477764068e-08,0,6.182741477764068e-08
244,7.58101513335051e-08,0,7.58101513335051e-08
245,9.547410110550377e-08,0,9.547410110550377e-08
246,1.2585464566057987e-07,0,1.2585464566057987e-07
247,1.7195072630624957e-07,0,1.7195072630624957e-07
248,2.4748939547769824e-07,0,2.4748939547769824e-07
249,3.6675888669774574e-07,0,3.6675888669774574e-07
250,5.619043565724635e-07,0,5.619043565724635e-07
251,8.608839868711205e-07,0,8.608839868711205e-07
252,1.3189455290431441e-06,0,1.3189455290431441e-06
