Temperature: 110 C
Humidity: 10 %
Date: 1970-01-01 00:00:00.000000
voltage,pad,gr,totalCurrent
26,1.760598408844572e-08,0,1.760598408844572e-08
27,1.7948073108657634e-08,0,1.7948073108657634e-08
28,1.80607706869987e-08,0,1.80607706869987e-08
29,1.8148293430700172e-08,0,1.8148293430700172e-08
30,1.8210789304171046e-08,0,1.8210789304171046e-08
31,1.8256053445665815e-08,0,1.8256053445665815e-08
32,1.8316024302212503e-08,0,1.8316024302212503e-08
33,1.838424426529173e-08,0,1.838424426529173e-08
34,1.845816914969398e-08,0,1.845816914969398e-08
35,1.8525311615242906e-08,0,1.8525311615242906e-08
36,1.861011961713426e-08,0,1.861011961713426e-08
37,1.8702398910043294e-08,0,1.8702398910043294e-08
38,1.880725317104258e-08,0,1.880725317104258e-08
39,1.8914626569242395e-08,0,1.8914626569242395e-08
40,1.9023824406564342e-08,0,1.9023824406564342e-08
41,1.914228888005951e-08,0,1.914228888005951e-08
42,1.92689155388675e-08,0,1.92689155388675e-08
43,1.9398211413775205e-08,0,1.9398211413775205e-08
44,1.953455095551284e-08,0,1.953455095551284e-08
45,1.968688731048462e-08,0,1.968688731048462e-08
46,1.9847144010410427e-08,0,1.9847144010410427e-08
47,2.0009584012256515e-08,0,2.0009584012256515e-08
48,2.0162790968757692e-08,0,2.0162790968757692e-08
49,2.0311728704378603e-08,0,2.0311728704378603e-08
50,2.0462889946573305e-08,0,2.0462889946573305e-08
51,2.0615877825383114e-08,0,2.0615877825383114e-08
52,2.0759157342324112e-08,0,2.0759157342324112e-08
53,2.091309729015182e-08,0,2.091309729015182e-08
54,2.1083127341423227e-08,0,2.1083127341423227e-08
55,2.1255986708556104e-08,0,2.1255986708556104e-08
56,2.1428098732242966e-08,0,2.1428098732242966e-08
57,2.16064433095702e-08,0,2.16064433095702e-08
58,2.1792253160932967e-08,0,2.1792253160932967e-08
59,2.19775373500089e-08,0,2.19775373500089e-08
60,2.2144693823201062e-08,0,2.2144693823201062e-08
61,2.231280316988354e-08,0,2.231280316988354e-08
62,2.2496090373554808e-08,0,2.2496090373554808e-08
63,2.2678517549798424e-08,0,2.2678517549798424e-08
64,2.2859688127161623e-08,0,2.2859688127161623e-08
65,2.3043571020651057e-08,0,2.3043571020651057e-08
66,2.3237402067549032e-08,0,2.3237402067549032e-08
67,2.34330436235259e-08,0,2.34330436235259e-08
68,2.3610777813361853e-08,0,2.3610777813361853e-08
69,2.3782782535461194e-08,0,2.3782782535461194e-08
70,2.396398505480123e-08,0,2.396398505480123e-08
71,2.4137847320790023e-08,0,2.4137847320790023e-08
72,2.430416335303077e-08,0,2.430416335303077e-08
73,2.4461551612366896e-08,0,2.4461551612366896e-08
74,2.4618823777874143e-08,0,2.4618823777874143e-08
75,2.4780126956162986e-08,0,2.4780126956162986e-08
76,2.493665450236521e-08,0,2.493665450236521e-08
77,2.509202178809484e-08,0,2.509202178809484e-08
78,2.5253264293248318e-08,0,2.5253264293248318e-08
79,2.541403611403731e-08,0,2.541403611403731e-08
80,2.5582290958743613e-08,0,2.5582290958743613e-08
81,2.5758814120145998e-08,0,2.5758814120145998e-08
82,2.5942450789363317e-08,0,2.5942450789363317e-08
83,2.6131699991746325e-08,0,2.6131699991746325e-08
84,2.6322532066429492e-08,0,2.6322532066429492e-08
85,2.6502213387192038e-08,0,2.6502213387192038e-08
86,2.667588587252674e-08,0,2.667588587252674e-08
87,2.6848632869933776e-08,0,2.6848632869933776e-08
88,2.701665426417131e-08,0,2.701665426417131e-08
89,2.717408861670458e-08,0,2.717408861670458e-08
90,2.7320109111437647e-08,0,2.7320109111437647e-08
91,2.7465707975758922e-08,0,2.7465707975758922e-08
92,2.7627518410137584e-08,0,2.7627518410137584e-08
93,2.7800566765828146e-08,0,2.7800566765828146e-08
94,2.7969907893947712e-08,0,2.7969907893947712e-08
95,2.8141887208910795e-08,0,2.8141887208910795e-08
96,2.8316509540697364e-08,0,2.8316509540697364e-08
97,2.8482581801009954e-08,0,2.8482581801009954e-08
98,2.863421871161871e-08,0,2.863421871161871e-08
99,2.8781479906302084e-08,0,2.8781479906302084e-08
100,2.8929561968518923e-08,0,2.8929561968518923e-08
101,2.907521340792203e-08,0,2.907521340792203e-08
102,2.92145405098189e-08,0,2.92145405098189e-08
103,2.9357790676479948e-08,0,2.9357790676479948e-08
104,2.9518364865921365e-08,0,2.9518364865921365e-08
105,2.9667892807564537e-08,0,2.9667892807564537e-08
106,2.9801944018182177e-08,0,2.9801944018182177e-08
107,2.9937882848592264e-08,0,2.9937882848592264e-08
108,3.0077843053037206e-08,0,3.0077843053037206e-08
109,3.022608961615829e-08,0,3.022608961615829e-08
110,3.038030333940038e-08,0,3.038030333940038e-08
111,3.0538723755136736e-08,0,3.0538723755136736e-08
112,3.072369802204896e-08,0,3.072369802204896e-08
113,3.093067139360963e-08,0,3.093067139360963e-08
114,3.1141364026059793e-08,0,3.1141364026059793e-08
115,3.136172046024986e-08,0,3.136172046024986e-08
116,3.1579579129478095e-08,0,3.1579579129478095e-08
117,3.178191775723182e-08,0,3.178191775723182e-08
118,3.197336891980474e-08,0,3.197336891980474e-08
119,3.2159193236852894e-08,0,3.2159193236852894e-08
120,3.23189047427955e-08,0,3.23189047427955e-08
121,3.244426666924597e-08,0,3.244426666924597e-08
122,3.253562413706857e-08,0,3.253562413706857e-08
123,3.261692336025254e-08,0,3.261692336025254e-08
124,3.270158521679823e-08,0,3.270158521679823e-08
125,3.2786502823403144e-08,0,3.2786502823403144e-08
126,3.286622763215084e-08,0,3.286622763215084e-08
127,3.2982086165931886e-08,0,3.2982086165931886e-08
128,3.3141044499111914e-08,0,3.3141044499111914e-08
129,3.3345625175435806e-08,0,3.3345625175435806e-08
130,3.358375444095217e-08,0,3.358375444095217e-08
131,3.383963118306693e-08,0,3.383963118306693e-08
132,3.410195027186364e-08,0,3.410195027186364e-08
133,3.436637827940833e-08,0,3.436637827940833e-08
134,3.4610352935083944e-08,0,3.4610352935083944e-08
135,3.483735037309837e-08,0,3.483735037309837e-08
136,3.5056058764571244e-08,0,3.5056058764571244e-08
137,3.524601978859709e-08,0,3.524601978859709e-08
138,3.5423005929986143e-08,0,3.5423005929986143e-08
139,3.560701818690075e-08,0,3.560701818690075e-08
140,3.580558606071153e-08,0,3.580558606071153e-08
141,3.6007593757476266e-08,0,3.6007593757476266e-08
142,3.62108604136348e-08,0,3.62108604136348e-08
143,3.6408358225046476e-08,0,3.6408358225046476e-08
144,3.662824163581412e-08,0,3.662824163581412e-08
145,3.687155032538386e-08,0,3.687155032538386e-08
146,3.712976286947311e-08,0,3.712976286947311e-08
147,3.7390522634361086e-08,0,3.7390522634361086e-08
148,3.767010890536992e-08,0,3.767010890536992e-08
149,3.79522024695418e-08,0,3.79522024695418e-08
150,3.823384768375188e-08,0,3.823384768375188e-08
151,3.8503671875880834e-08,0,3.8503671875880834e-08
152,3.875160883990706e-08,0,3.875160883990706e-08
153,3.8959499156480445e-08,0,3.8959499156480445e-08
154,3.913153757029396e-08,0,3.913153757029396e-08
155,3.929531741713617e-08,0,3.929531741713617e-08
156,3.946727871240239e-08,0,3.946727871240239e-08
157,3.964125472072432e-08,0,3.964125472072432e-08
158,3.9820937882176833e-08,0,3.9820937882176833e-08
159,4.0023401478727927e-08,0,4.0023401478727927e-08
160,4.026268601549357e-08,0,4.026268601549357e-08
161,4.0575018285087577e-08,0,4.0575018285087577e-08
162,4.092134698041143e-08,0,4.092134698041143e-08
163,4.127915157299176e-08,0,4.127915157299176e-08
164,4.1650235577459244e-08,0,4.1650235577459244e-08
165,4.207802870867123e-08,0,4.207802870867123e-08
166,4.2553318081735006e-08,0,4.2553318081735006e-08
167,4.3035629816438124e-08,0,4.3035629816438124e-08
168,4.349799301644977e-08,0,4.349799301644977e-08
169,4.397348246122379e-08,0,4.397348246122379e-08
170,4.4475357696351514e-08,0,4.4475357696351514e-08
171,4.499012293486299e-08,0,4.499012293486299e-08
172,4.546954054226582e-08,0,4.546954054226582e-08
173,4.590328610112529e-08,0,4.590328610112529e-08
174,4.633343605407565e-08,0,4.633343605407565e-08
175,4.6776346976171656e-08,0,4.6776346976171656e-08
176,4.720286021590145e-08,0,4.720286021590145e-08
177,4.757326065703751e-08,0,4.757326065703751e-08
178,4.7919043072402256e-08,0,4.7919043072402256e-08
179,4.82704126172833e-08,0,4.82704126172833e-08
180,4.863930940335326e-08,0,4.863930940335326e-08
181,4.90075277491986e-08,0,4.90075277491986e-08
182,4.9342005878243594e-08,0,4.9342005878243594e-08
183,4.966038849835159e-08,0,4.966038849835159e-08
184,5.002430687459647e-08,0,5.002430687459647e-08
185,5.037429670273733e-08,0,5.037429670273733e-08
186,5.0671737552267345e-08,0,5.0671737552267345e-08
187,5.09785463414124e-08,0,5.09785463414124e-08
188,5.1325293315688626e-08,0,5.1325293315688626e-08
189,5.171129057591911e-08,0,5.171129057591911e-08
190,5.2118441986319616e-08,0,5.2118441986319616e-08
191,5.2538316265248485e-08,0,5.2538316265248485e-08
192,5.3019638214387505e-08,0,5.3019638214387505e-08
193,5.3568265582767e-08,0,5.3568265582767e-08
194,5.4117697367228575e-08,0,5.4117697367228575e-08
195,5.4673304748075624e-08,0,5.4673304748075624e-08
196,5.5254572261204616e-08,0,5.5254572261204616e-08
197,5.584042551342757e-08,0,5.584042551342757e-08
198,5.642239179155741e-08,0,5.642239179155741e-08
199,5.7023006289810545e-08,0,5.7023006289810545e-08
200,5.764096198359456e-08,0,5.764096198359456e-08
201,5.818365847912342e-08,0,5.818365847912342e-08
202,5.8646470780738106e-08,0,5.8646470780738106e-08
203,5.911030346029957e-08,0,5.911030346029957e-08
204,5.9599264209258075e-08,0,5.9599264209258075e-08
205,6.005071737539104e-08,0,6.005071737539104e-08
206,6.043985766659514e-08,0,6.043985766659514e-08
207,6.082510811591554e-08,0,6.082510811591554e-08
208,6.13091333366497e-08,0,6.13091333366497e-08
209,6.189261769117508e-08,0,6.189261769117508e-08
210,6.247616717876926e-08,0,6.247616717876926e-08
211,6.304348007004123e-08,0,6.304348007004123e-08
212,6.367869854389081e-08,0,6.367869854389081e-08
213,6.437924230373164e-08,0,6.437924230373164e-08
214,6.508813607711797e-08,0,6.508813607711797e-08
215,6.580685869112056e-08,0,6.580685869112056e-08
216,6.653643975945563e-08,0,6.653643975945563e-08
217,6.729486850599332e-08,0,6.729486850599332e-08
218,6.809587784966457e-08,0,6.809587784966457e-08
219,6.893570682495652e-08,0,6.893570682495652e-08
220,6.981547579807645e-08,0,6.981547579807645e-08
221,7.0746930760993e-08,0,7.0746930760993e-08
222,7.174987233435621e-08,0,7.174987233435621e-08
223,7.28251390417341e-08,0,7.28251390417341e-08
224,7.380922695404799e-08,0,7.380922695404799e-08
225,7.46628514916932e-08,0,7.46628514916932e-08
226,7.523262108321532e-08,0,7.523262108321532e-08
227,7.56621352769e-08,0,7.56621352769e-08
228,7.601143391166245e-08,0,7.601143391166245e-08
229,7.655752830444782e-08,0,7.655752830444782e-08
230,7.73391867478369e-08,0,7.73391867478369e-08
231,7.82391338842147e-08,0,7.82391338842147e-08
232,7.932206931466771e-08,0,7.932206931466771e-08
233,8.082710254010971e-08,0,8.082710254010971e-08
234,8.259986031749186e-08,0,8.259986031749186e-08
235,8.44936541775617e-08,0,8.44936541775617e-08
236,8.620861932423537e-08,0,8.620861932423537e-08
237,8.77555309086524e-08,0,8.77555309086524e-08
238,8.948245294217777e-08,0,8.948245294217777e-08
239,9.120249384689168e-08,0,9.120249384689168e-08
240,9.285848590745413e-08,0,9.285848590745413e-08
241,9.466836403427157e-08,0,9.466836403427157e-08
242,9.676668862653741e-08,0,9.676668862653741e-08
243,9.891879910536566e-08,0,9.891879910536566e-08
244,1.010920196635697e-07,0,1.010920196635697e-07
245,1.0374254041652818e-07,0,1.0374254041652818e-07
246,1.0718798874478387e-07,0,1.0718798874478387e-07
247,1.1081525064202563e-07,0,1.1081525064202563e-07
248,1.1409364816033556e-07,0,1.1409364816033556e-07
249,1.1692729866923779e-07,0,1.1692729866923779e-07
250,1.1953027866095796e-07,0,1.1953027866095796e-07
251,1.223124122599181e-07,0,1.223124122599181e-07
252,1.2467829742683334e-07,0,1.2467829742683334e-07
253,1.2633935580890706e-07,0,1.2633935580890706e-07
254,1.2809326697871083e-07,0,1.2809326697871083e-07
255,1.302775535840086e-07,0,1.302775535840086e-07
256,1.3284534124525716e-07,0,1.3284534124525716e-07
257,1.3632974606223607e-07,0,1.3632974606223607e-07
258,1.4022449449194738e-07,0,1.4022449449194738e-07
259,1.440950187114071e-07,0,1.440950187114071e-07
260,1.4811270311092715e-07,0,1.4811270311092715e-07
261,1.531546260771616e-07,0,1.531546260771616e-07
262,1.5931727826185497e-07,0,1.5931727826185497e-07
263,1.6624548337325642e-07,0,1.6624548337325642e-07
264,1.730009760880872e-07,0,1.730009760880872e-07
265,1.8034099260370567e-07,0,1.8034099260370567e-07
266,1.8941206819692988e-07,0,1.8941206819692988e-07
267,1.99847078346203e-07,0,1.99847078346203e-07
268,2.1055899282232372e-07,0,2.1055899282232372e-07
269,2.211097176738145e-07,0,2.211097176738145e-07
270,2.326167826297616e-07,0,2.326167826297616e-07
271,2.460185451392856e-07,0,2.460185451392856e-07
272,2.5812832928234877e-07,0,2.5812832928234877e-07
273,2.6787681303882446e-07,0,2.6787681303882446e-07
274,2.717152284084622e-07,0,2.717152284084622e-07
275,2.734660871967214e-07,0,2.734660871967214e-07
276,2.7341925153483995e-07,0,2.7341925153483995e-07
277,2.6987451850131814e-07,0,2.6987451850131814e-07
278,2.6401028491806817e-07,0,2.6401028491806817e-07
279,2.5881396672565854e-07,0,2.5881396672565854e-07
280,2.5522953160469664e-07,0,2.5522953160469664e-07
281,2.5710751164799135e-07,0,2.5710751164799135e-07
282,2.6130208075685503e-07,0,2.6130208075685503e-07
283,2.681869923530718e-07,0,2.681869923530718e-07
284,2.794271225191086e-07,0,2.794271225191086e-07
285,2.93217433987344e-07,0,2.93217433987344e-07
286,3.1016608948281966e-07,0,3.1016608948281966e-07
287,3.29566744697265e-07,0,3.29566744697265e-07
288,3.5149714553706654e-07,0,3.5149714553706654e-07
289,3.726777015461247e-07,0,3.726777015461247e-07
290,3.930347259518118e-07,0,3.930347259518118e-07
291,4.1574392557923844e-07,0,4.1574392557923844e-07
292,4.4361285997501124e-07,0,4.4361285997501124e-07
293,4.7617156993058426e-07,0,4.7617156993058426e-07
294,5.146297904117297e-07,0,5.146297904117297e-07
295,5.563913910557448e-07,0,5.563913910557448e-07
296,6.063933378040904e-07,0,6.063933378040904e-07
297,7.58254683731384e-07,0,7.58254683731384e-07
298,1.0938759807808339e-06,0,1.0938759807808339e-06
299,1.5720658638907897e-06,0,1.5720658638907897e-06
300,2.2382856194240504e-06,0,2.2382856194240504e-06
301,3.3123001222884302e-06,0,3.3123001222884302e-06
302,5.153931626744538e-06,0,5.153931626744538e-06
303,8.026147934249365e-06,0,8.026147934249365e-06
304,1.2498997774590895e-05,0,1.2498997774590895e-05
305,1.9464519988614228e-05,0,1.9464519988614228e-05
