Temperature: 150 C
Humidity: 10 %
Date: 1970-01-01 00:00:00.000000
voltage,pad,gr,totalCurrent
26,6.85933125262825e-08,0,6.85933125262825e-08
27,7.032130253820269e-08,0,7.032130253820269e-08
28,7.109804552493997e-08,0,7.109804552493997e-08
29,7.163180205448439e-08,0,7.163180205448439e-08
30,7.204819420915084e-08,0,7.204819420915084e-08
31,7.242015776067392e-08,0,7.242015776067392e-08
32,7.281130745642764e-08,0,7.281130745642764e-08
33,7.327855266524641e-08,0,7.327855266524641e-08
34,7.376766542674653e-08,0,7.376766542674653e-08
35,7.422433938252674e-08,0,7.422433938252674e-08
36,7.468269248527423e-08,0,7.468269248527423e-08
37,7.519306499939915e-08,0,7.519306499939915e-08
38,7.5726960639647e-08,0,7.5726960639647e-08
39,7.628206606555818e-08,0,7.628206606555818e-08
40,7.68403969307086e-08,0,7.68403969307086e-08
41,7.742389354559563e-08,0,7.742389354559563e-08
42,7.805046040144662e-08,0,7.805046040144662e-08
43,7.868926853046756e-08,0,7.868926853046756e-08
44,7.935037936649411e-08,0,7.935037936649411e-08
45,8.00761051406943e-08,0,8.00761051406943e-08
46,8.082683630622455e-08,0,8.082683630622455e-08
47,8.156884180463348e-08,0,8.156884180463348e-08
48,8.226986120428417e-08,0,8.226986120428417e-08
49,8.2963422839413e-08,0,8.2963422839413e-08
50,8.368864758493859e-08,0,8.368864758493859e-08
51,8.442586615313863e-08,0,8.442586615313863e-08
52,8.511732140335822e-08,0,8.511732140335822e-08
53,8.580021359209933e-08,0,8.580021359209933e-08
54,8.650150023129546e-08,0,8.650150023129546e-08
55,8.719990163388624e-08,0,8.719990163388624e-08
56,8.785839862878397e-08,0,8.785839862878397e-08
57,8.84128845705066e-08,0,8.84128845705066e-08
58,8.889031524608655e-08,0,8.889031524608655e-08
59,8.934932779696485e-08,0,8.934932779696485e-08
60,8.976940318340386e-08,0,8.976940318340386e-08
61,9.015561310384365e-08,0,9.015561310384365e-08
62,9.052728173201703e-08,0,9.052728173201703e-08
63,9.090786843724519e-08,0,9.090786843724519e-08
64,9.139465771629557e-08,0,9.139465771629557e-08
65,9.19769145811439e-08,0,9.19769145811439e-08
66,9.260028834508443e-08,0,9.260028834508443e-08
67,9.323054843245934e-08,0,9.323054843245934e-08
68,9.387365258875305e-08,0,9.387365258875305e-08
69,9.458701250046344e-08,0,9.458701250046344e-08
70,9.534587956686029e-08,0,9.534587956686029e-08
71,9.606040694979364e-08,0,9.606040694979364e-08
72,9.675457736643074e-08,0,9.675457736643074e-08
73,9.743471996631109e-08,0,9.743471996631109e-08
74,9.814248535843466e-08,0,9.814248535843466e-08
75,9.886450965865823e-08,0,9.886450965865823e-08
76,9.955489316068808e-08,0,9.955489316068808e-08
77,1.0028268383517434e-07,0,1.0028268383517434e-07
78,1.0109468357399022e-07,0,1.0109468357399022e-07
79,1.0189669882738477e-07,0,1.0189669882738477e-07
80,1.0271094070759317e-07,0,1.0271094070759317e-07
81,1.0355670025948632e-07,0,1.0355670025948632e-07
82,1.0446045011355015e-07,0,1.0446045011355015e-07
83,1.0536861631745846e-07,0,1.0536861631745846e-07
84,1.0621025194769271e-07,0,1.0621025194769271e-07
85,1.0700901730511671e-07,0,1.0700901730511671e-07
86,1.0785842648422004e-07,0,1.0785842648422004e-07
87,1.0870001660851626e-07,0,1.0870001660851626e-07
88,1.0951053247774914e-07,0,1.0951053247774914e-07
89,1.1030129327768045e-07,0,1.1030129327768045e-07
90,1.1111679467274228e-07,0,1.1111679467274228e-07
91,1.1194188965542816e-07,0,1.1194188965542816e-07
92,1.1275961577100421e-07,0,1.1275961577100421e-07
93,1.1360551580759944e-07,0,1.1360551580759944e-07
94,1.1449974303719884e-07,0,1.1449974303719884e-07
95,1.154353513231739e-07,0,1.154353513231739e-07
96,1.1637208817867067e-07,0,1.1637208817867067e-07
97,1.173742757688667e-07,0,1.173742757688667e-07
98,1.1848079944826008e-07,0,1.1848079944826008e-07
99,1.1960445183656027e-07,0,1.1960445183656027e-07
100,1.207138409034653e-07,0,1.207138409034653e-07
101,1.2179419861406436e-07,0,1.2179419861406436e-07
102,1.2285252272977768e-07,0,1.2285252272977768e-07
103,1.2392153975402522e-07,0,1.2392153975402522e-07
104,1.2493564498851628e-07,0,1.2493564498851628e-07
105,1.258187231739656e-07,0,1.258187231739656e-07
106,1.2670345230860996e-07,0,1.2670345230860996e-07
107,1.275794135568495e-07,0,1.275794135568495e-07
108,1.2846396958195314e-07,0,1.2846396958195314e-07
109,1.2941787557852326e-07,0,1.2941787557852326e-07
110,1.3044100691698592e-07,0,1.3044100691698592e-07
111,1.3145678211529054e-07,0,1.3145678211529054e-07
112,1.325177098805101e-07,0,1.325177098805101e-07
113,1.3351578917839924e-07,0,1.3351578917839924e-07
114,1.344394377867638e-07,0,1.344394377867638e-07
115,1.3536055859467706e-07,0,1.3536055859467706e-07
116,1.361508410665842e-07,0,1.361508410665842e-07
117,1.3673794645889736e-07,0,1.3673794645889736e-07
118,1.3720324642229935e-07,0,1.3720324642229935e-07
119,1.3764896951687135e-07,0,1.3764896951687135e-07
120,1.3812025088811013e-07,0,1.3812025088811013e-07
121,1.3855389166493165e-07,0,1.3855389166493165e-07
122,1.3889263412883532e-07,0,1.3889263412883532e-07
123,1.3926675792728875e-07,0,1.3926675792728875e-07
124,1.3971534952220418e-07,0,1.3971534952220418e-07
125,1.4021217818294138e-07,0,1.4021217818294138e-07
126,1.4065840966682024e-07,0,1.4065840966682024e-07
127,1.4125688732932704e-07,0,1.4125688732932704e-07
128,1.4206864725848866e-07,0,1.4206864725848866e-07
129,1.4310377571352882e-07,0,1.4310377571352882e-07
130,1.4430147269817493e-07,0,1.4430147269817493e-07
131,1.4558462140368838e-07,0,1.4558462140368838e-07
132,1.4692805213301777e-07,0,1.4692805213301777e-07
133,1.4827248359172557e-07,0,1.4827248359172557e-07
134,1.4943499206121342e-07,0,1.4943499206121342e-07
135,1.5048347235775768e-07,0,1.5048347235775768e-07
136,1.514320295329709e-07,0,1.514320295329709e-07
137,1.5211592497933547e-07,0,1.5211592497933547e-07
138,1.5264327429076612e-07,0,1.5264327429076612e-07
139,1.5319852143918188e-07,0,1.5319852143918188e-07
140,1.5389056365960257e-07,0,1.5389056365960257e-07
141,1.5463326336686525e-07,0,1.5463326336686525e-07
142,1.5535498296572073e-07,0,1.5535498296572073e-07
143,1.5608075652441906e-07,0,1.5608075652441906e-07
144,1.5704424778468291e-07,0,1.5704424778468291e-07
145,1.5846019187274832e-07,0,1.5846019187274832e-07
146,1.6017143827272075e-07,0,1.6017143827272075e-07
147,1.618329190770043e-07,0,1.618329190770043e-07
148,1.635690940055671e-07,0,1.635690940055671e-07
149,1.6546408680983123e-07,0,1.6546408680983123e-07
150,1.6748490005096904e-07,0,1.6748490005096904e-07
151,1.6945539676037312e-07,0,1.6945539676037312e-07
152,1.7115980197860707e-07,0,1.7115980197860707e-07
153,1.725983759803317e-07,0,1.725983759803317e-07
154,1.741530296628876e-07,0,1.741530296628876e-07
155,1.7575352382042215e-07,0,1.7575352382042215e-07
156,1.773350393599739e-07,0,1.773350393599739e-07
157,1.7869165960604083e-07,0,1.7869165960604083e-07
158,1.7991637255502573e-07,0,1.7991637255502573e-07
159,1.8103713884579314e-07,0,1.8103713884579314e-07
160,1.820421224104741e-07,0,1.820421224104741e-07
161,1.8289317299407806e-07,0,1.8289317299407806e-07
162,1.835731685564978e-07,0,1.835731685564978e-07
163,1.8416730624296106e-07,0,1.8416730624296106e-07
164,1.848688854550186e-07,0,1.848688854550186e-07
165,1.8624469205303144e-07,0,1.8624469205303144e-07
166,1.882956794148689e-07,0,1.882956794148689e-07
167,1.9046082458771563e-07,0,1.9046082458771563e-07
168,1.927725298834029e-07,0,1.927725298834029e-07
169,1.9558394355320984e-07,0,1.9558394355320984e-07
170,1.98614660813548e-07,0,1.98614660813548e-07
171,2.0206760436013324e-07,0,2.0206760436013324e-07
172,2.0536693313353563e-07,0,2.0536693313353563e-07
173,2.08185715650382e-07,0,2.08185715650382e-07
174,2.1114284927854997e-07,0,2.1114284927854997e-07
175,2.1399908232871908e-07,0,2.1399908232871908e-07
176,2.1642413517580163e-07,0,2.1642413517580163e-07
177,2.185200883035186e-07,0,2.185200883035186e-07
178,2.2020362246986012e-07,0,2.2020362246986012e-07
179,2.2173719367186286e-07,0,2.2173719367186286e-07
180,2.2345974304821265e-07,0,2.2345974304821265e-07
181,2.2556488134058262e-07,0,2.2556488134058262e-07
182,2.281510567028387e-07,0,2.281510567028387e-07
183,2.3103054118903939e-07,0,2.3103054118903939e-07
184,2.3439167806851395e-07,0,2.3439167806851395e-07
185,2.3838284032781043e-07,0,2.3838284032781043e-07
186,2.4257163283176536e-07,0,2.4257163283176536e-07
187,2.4686899276257093e-07,0,2.4686899276257093e-07
188,2.5118152775071083e-07,0,2.5118152775071083e-07
189,2.5635798844562187e-07,0,2.5635798844562187e-07
190,2.626819647035113e-07,0,2.626819647035113e-07
191,2.690659145543187e-07,0,2.690659145543187e-07
192,2.749431093423986e-07,0,2.749431093423986e-07
193,2.802099415841806e-07,0,2.802099415841806e-07
194,2.848858678894208e-07,0,2.848858678894208e-07
195,2.8898672636463427e-07,0,2.8898672636463427e-07
196,2.914937002748613e-07,0,2.914937002748613e-07
197,2.921704257165856e-07,0,2.921704257165856e-07
198,2.9187224244784227e-07,0,2.9187224244784227e-07
199,2.913292420755957e-07,0,2.913292420755957e-07
200,2.907869326315188e-07,0,2.907869326315188e-07
201,2.8699403322134487e-07,0,2.8699403322134487e-07
202,2.8070108727708586e-07,0,2.8070108727708586e-07
203,2.745464288079521e-07,0,2.745464288079521e-07
204,2.691829275417608e-07,0,2.691829275417608e-07
205,2.643577803504064e-07,0,2.643577803504064e-07
206,2.5961912469709593e-07,0,2.5961912469709593e-07
207,2.555635054463057e-07,0,2.555635054463057e-07
208,2.576715869080146e-07,0,2.576715869080146e-07
209,2.620565640147776e-07,0,2.620565640147776e-07
210,2.653767885074587e-07,0,2.653767885074587e-07
211,2.660758363565011e-07,0,2.660758363565011e-07
212,2.662356850030887e-07,0,2.662356850030887e-07
213,2.653794108738428e-07,0,2.653794108738428e-07
214,2.629474394572118e-07,0,2.629474394572118e-07
215,2.57251521538493e-07,0,2.57251521538493e-07
216,2.51867517198462e-07,0,2.51867517198462e-07
217,2.479950629988007e-07,0,2.479950629988007e-07
218,2.462552823919161e-07,0,2.462552823919161e-07
219,2.4521921655467014e-07,0,2.4521921655467014e-07
220,2.451220400182143e-07,0,2.451220400182143e-07
221,2.456064204350998e-07,0,2.456064204350998e-07
222,2.4609148782746114e-07,0,2.4609148782746114e-07
223,2.4661893866009974e-07,0,2.4661893866009974e-07
224,2.4736551624607303e-07,0,2.4736551624607303e-07
225,2.4878677670527097e-07,0,2.4878677670527097e-07
226,2.5096898610076606e-07,0,2.5096898610076606e-07
227,2.5425395395786894e-07,0,2.5425395395786894e-07
228,2.579101926490308e-07,0,2.579101926490308e-07
229,2.6126392600973733e-07,0,2.6126392600973733e-07
230,2.631938204176898e-07,0,2.631938204176898e-07
231,2.645409939412023e-07,0,2.645409939412023e-07
232,2.657100364564615e-07,0,2.657100364564615e-07
233,2.6675212233898417e-07,0,2.6675212233898417e-07
234,2.669663055059205e-07,0,2.669663055059205e-07
235,2.6803892082590573e-07,0,2.6803892082590573e-07
236,2.7010218126238406e-07,0,2.7010218126238406e-07
237,2.742502726603437e-07,0,2.742502726603437e-07
238,2.792651794439614e-07,0,2.792651794439614e-07
239,2.84713571204029e-07,0,2.84713571204029e-07
240,2.89311501845047e-07,0,2.89311501845047e-07
241,2.915673205822575e-07,0,2.915673205822575e-07
242,2.9238768188761884e-07,0,2.9238768188761884e-07
243,2.9111085459773124e-07,0,2.9111085459773124e-07
244,2.889924377369456e-07,0,2.889924377369456e-07
245,2.878960247324171e-07,0,2.878960247324171e-07
246,2.8598526074746236e-07,0,2.8598526074746236e-07
247,2.861077469087735e-07,0,2.861077469087735e-07
248,2.922304197726603e-07,0,2.922304197726603e-07
249,2.990076216864398e-07,0,2.990076216864398e-07
250,3.0590437591490495e-07,0,3.0590437591490495e-07
251,3.129602070880298e-07,0,3.129602070880298e-07
252,3.2006244483350127e-07,0,3.2006244483350127e-07
253,3.280382253418597e-07,0,3.280382253418597e-07
254,3.338379681538254e-07,0,3.338379681538254e-07
255,3.3514282867690845e-07,0,3.3514282867690845e-07
256,3.386620707952274e-07,0,3.386620707952274e-07
257,3.474105557492358e-07,0,3.474105557492358e-07
258,3.5655607317853994e-07,0,3.5655607317853994e-07
259,3.65566462955628e-07,0,3.65566462955628e-07
260,3.7373366322107417e-07,0,3.7373366322107417e-07
261,3.8043360567320127e-07,0,3.8043360567320127e-07
262,3.826975672120797e-07,0,3.826975672120797e-07
263,3.824640151431804e-07,0,3.824640151431804e-07
264,3.7822373191885445e-07,0,3.7822373191885445e-07
265,3.738498085925077e-07,0,3.738498085925077e-07
266,3.644387320501189e-07,0,3.644387320501189e-07
267,3.5526456444723213e-07,0,3.5526456444723213e-07
268,3.48720220717233e-07,0,3.48720220717233e-07
269,3.463620307244506e-07,0,3.463620307244506e-07
270,3.4262280408552856e-07,0,3.4262280408552856e-07
271,3.356406973311866e-07,0,3.356406973311866e-07
272,3.2880231882758086e-07,0,3.2880231882758086e-07
273,3.357391064436867e-07,0,3.357391064436867e-07
274,3.649224200162062e-07,0,3.649224200162062e-07
275,3.963037510446458e-07,0,3.963037510446458e-07
276,4.326175235171818e-07,0,4.326175235171818e-07
277,4.880139275806041e-07,0,4.880139275806041e-07
278,5.611318529123015e-07,0,5.611318529123015e-07
279,6.490487488008986e-07,0,6.490487488008986e-07
280,7.413946992403278e-07,0,7.413946992403278e-07
281,8.141789531832325e-07,0,8.141789531832325e-07
282,9.24140109038012e-07,0,9.24140109038012e-07
283,1.0707013028812914e-06,0,1.0707013028812914e-06
284,1.2053504614143466e-06,0,1.2053504614143466e-06
285,1.338564694888681e-06,0,1.338564694888681e-06
286,1.4776948207025477e-06,0,1.4776948207025477e-06
287,1.610908330850686e-06,0,1.610908330850686e-06
288,1.7160369472347097e-06,0,1.7160369472347097e-06
289,1.718423922905763e-06,0,1.718423922905763e-06
290,1.6771565869901092e-06,0,1.6771565869901092e-06
291,1.633872684272162e-06,0,1.633872684272162e-06
292,1.5917041009033562e-06,0,1.5917041009033562e-06
293,1.550623845554505e-06,0,1.550623845554505e-06
