Temperature: 40 C
Humidity: 10 %
Date: 1970-01-01 00:00:00.000000
voltage,pad,gr,totalCurrent
26,2.705889792613806e-10,0,2.705889792613806e-10
27,2.7644298127457197e-10,0,2.7644298127457197e-10
28,2.791404123830457e-10,0,2.791404123830457e-10
29,2.8138982889079667e-10,0,2.8138982889079667e-10
30,2.8362186964251803e-10,0,2.8362186964251803e-10
31,2.8618314908152994e-10,0,2.8618314908152994e-10
32,2.892276538918786e-10,0,2.892276538918786e-10
33,2.922923516901142e-10,0,2.922923516901142e-10
34,2.949850426391642e-10,0,2.949850426391642e-10
35,2.9785882196199865e-10,0,2.9785882196199865e-10
36,3.0102819722184607e-10,0,3.0102819722184607e-10
37,3.040703348897666e-10,0,3.040703348897666e-10
38,3.070791487707944e-10,0,3.070791487707944e-10
39,3.0991486583629757e-10,0,3.0991486583629757e-10
40,3.1263188138392795e-10,0,3.1263188138392795e-10
41,3.153914158564584e-10,0,3.153914158564584e-10
42,3.1829760175189646e-10,0,3.1829760175189646e-10
43,3.213363935470127e-10,0,3.213363935470127e-10
44,3.2422259464557314e-10,0,3.2422259464557314e-10
45,3.2696594806588274e-10,0,3.2696594806588274e-10
46,3.2971006864605453e-10,0,3.2971006864605453e-10
47,3.323669941154001e-10,0,3.323669941154001e-10
48,3.3489159747005244e-10,0,3.3489159747005244e-10
49,3.3729017648600855e-10,0,3.3729017648600855e-10
50,3.3967460561817323e-10,0,3.3967460561817323e-10
51,3.4207814468012e-10,0,3.4207814468012e-10
52,3.444873440281504e-10,0,3.444873440281504e-10
53,3.4689218141671794e-10,0,3.4689218141671794e-10
54,3.494204449260939e-10,0,3.494204449260939e-10
55,3.519995981375964e-10,0,3.519995981375964e-10
56,3.546156984706079e-10,0,3.546156984706079e-10
57,3.572771311873659e-10,0,3.572771311873659e-10
58,3.6001308268106065e-10,0,3.6001308268106065e-10
59,3.6287037256697497e-10,0,3.6287037256697497e-10
60,3.658145979132292e-10,0,3.658145979132292e-10
61,3.6880457753215027e-10,0,3.6880457753215027e-10
62,3.718941197596273e-10,0,3.718941197596273e-10
63,3.750778994998791e-10,0,3.750778994998791e-10
64,3.7824075852880226e-10,0,3.7824075852880226e-10
65,3.8138338639125664e-10,0,3.8138338639125664e-10
66,3.84465156974135e-10,0,3.84465156974135e-10
67,3.874892843103585e-10,0,3.874892843103585e-10
68,3.9052262013098555e-10,0,3.9052262013098555e-10
69,3.934967404602812e-10,0,3.934967404602812e-10
70,3.9651789034171286e-10,0,3.9651789034171286e-10
71,3.995911911263772e-10,0,3.995911911263772e-10
72,4.026883122176231e-10,0,4.026883122176231e-10
73,4.05867365404554e-10,0,4.05867365404554e-10
74,4.091056521885647e-10,0,4.091056521885647e-10
75,4.1231001561793903e-10,0,4.1231001561793903e-10
76,4.1558145421919433e-10,0,4.1558145421919433e-10
77,4.1874457715555803e-10,0,4.1874457715555803e-10
78,4.218752612763934e-10,0,4.218752612763934e-10
79,4.250741536573262e-10,0,4.250741536573262e-10
80,4.283151717837435e-10,0,4.283151717837435e-10
81,4.3168611060417993e-10,0,4.3168611060417993e-10
82,4.3519155388673486e-10,0,4.3519155388673486e-10
83,4.3875051183248615e-10,0,4.3875051183248615e-10
84,4.4246875312759134e-10,0,4.4246875312759134e-10
85,4.464105986791971e-10,0,4.464105986791971e-10
86,4.5049933354345445e-10,0,4.5049933354345445e-10
87,4.5461353800464695e-10,0,4.5461353800464695e-10
88,4.5876229339361785e-10,0,4.5876229339361785e-10
89,4.6293162806130365e-10,0,4.6293162806130365e-10
90,4.672496538793683e-10,0,4.672496538793683e-10
91,4.716297047176099e-10,0,4.716297047176099e-10
92,4.759441990777183e-10,0,4.759441990777183e-10
93,4.801146808726903e-10,0,4.801146808726903e-10
94,4.843195796410631e-10,0,4.843195796410631e-10
95,4.884969392466016e-10,0,4.884969392466016e-10
96,4.92805550324205e-10,0,4.92805550324205e-10
97,4.970910322574546e-10,0,4.970910322574546e-10
98,5.013422171651948e-10,0,5.013422171651948e-10
99,5.0563531037345e-10,0,5.0563531037345e-10
100,5.100738023208955e-10,0,5.100738023208955e-10
101,5.147411157178095e-10,0,5.147411157178095e-10
102,5.197660569696853e-10,0,5.197660569696853e-10
103,5.247467074861829e-10,0,5.247467074861829e-10
104,5.297622884078048e-10,0,5.297622884078048e-10
105,5.348763117379403e-10,0,5.348763117379403e-10
106,5.399851551204315e-10,0,5.399851551204315e-10
107,5.450685809562599e-10,0,5.450685809562599e-10
108,5.500826799919266e-10,0,5.500826799919266e-10
109,5.549381416660849e-10,0,5.549381416660849e-10
110,5.599102275565158e-10,0,5.599102275565158e-10
111,5.650285946941392e-10,0,5.650285946941392e-10
112,5.705106196465105e-10,0,5.705106196465105e-10
113,5.764520239288009e-10,0,5.764520239288009e-10
114,5.827649089469474e-10,0,5.827649089469474e-10
115,5.890214508929731e-10,0,5.890214508929731e-10
116,5.953111732749184e-10,0,5.953111732749184e-10
117,6.018689167744395e-10,0,6.018689167744395e-10
118,6.086659476289521e-10,0,6.086659476289521e-10
119,6.153762079724844e-10,0,6.153762079724844e-10
120,6.219965219600482e-10,0,6.219965219600482e-10
121,6.288385558869545e-10,0,6.288385558869545e-10
122,6.360588716277272e-10,0,6.360588716277272e-10
123,6.43401649691534e-10,0,6.43401649691534e-10
124,6.506962952009336e-10,0,6.506962952009336e-10
125,6.581834794889166e-10,0,6.581834794889166e-10
126,6.661238641027825e-10,0,6.661238641027825e-10
127,6.742799652139459e-10,0,6.742799652139459e-10
128,6.823216370401533e-10,0,6.823216370401533e-10
129,6.903500592412494e-10,0,6.903500592412494e-10
130,6.986340128338236e-10,0,6.986340128338236e-10
131,7.069630337092601e-10,0,7.069630337092601e-10
132,7.152091462776482e-10,0,7.152091462776482e-10
133,7.233671585195899e-10,0,7.233671585195899e-10
134,7.316069789698612e-10,0,7.316069789698612e-10
135,7.402218106473701e-10,0,7.402218106473701e-10
136,7.493164386075276e-10,0,7.493164386075276e-10
137,7.587477028256935e-10,0,7.587477028256935e-10
138,7.688360525426145e-10,0,7.688360525426145e-10
139,7.795034587933866e-10,0,7.795034587933866e-10
140,7.904664016780786e-10,0,7.904664016780786e-10
141,8.017613284363957e-10,0,8.017613284363957e-10
142,8.132462203499088e-10,0,8.132462203499088e-10
143,8.249463492900293e-10,0,8.249463492900293e-10
144,8.367927567335488e-10,0,8.367927567335488e-10
145,8.486769535565226e-10,0,8.486769535565226e-10
146,8.607129200318239e-10,0,8.607129200318239e-10
147,8.730940325434133e-10,0,8.730940325434133e-10
148,8.85789391754318e-10,0,8.85789391754318e-10
149,8.984542746578071e-10,0,8.984542746578071e-10
150,9.110641343306764e-10,0,9.110641343306764e-10
151,9.2405386635485e-10,0,9.2405386635485e-10
152,9.373049547403113e-10,0,9.373049547403113e-10
153,9.50627071168001e-10,0,9.50627071168001e-10
154,9.638972108077523e-10,0,9.638972108077523e-10
155,9.777862184475672e-10,0,9.777862184475672e-10
156,9.92435279178528e-10,0,9.92435279178528e-10
157,1.0079144947251723e-09,0,1.0079144947251723e-09
158,1.023668860566281e-09,0,1.023668860566281e-09
159,1.0402518124384379e-09,0,1.0402518124384379e-09
160,1.0578790024119147e-09,0,1.0578790024119147e-09
161,1.0764878309686758e-09,0,1.0764878309686758e-09
162,1.0954865455117582e-09,0,1.0954865455117582e-09
163,1.1150776396593836e-09,0,1.1150776396593836e-09
164,1.1351362396016808e-09,0,1.1351362396016808e-09
165,1.156421276867517e-09,0,1.156421276867517e-09
166,1.1785893039432256e-09,0,1.1785893039432256e-09
167,1.201752158608087e-09,0,1.201752158608087e-09
168,1.2262342882659634e-09,0,1.2262342882659634e-09
169,1.2509871415662941e-09,0,1.2509871415662941e-09
170,1.2760547051239753e-09,0,1.2760547051239753e-09
171,1.3031775382823864e-09,0,1.3031775382823864e-09
172,1.3317568349604267e-09,0,1.3317568349604267e-09
173,1.3610226615871888e-09,0,1.3610226615871888e-09
174,1.3911209988782175e-09,0,1.3911209988782175e-09
175,1.4224595725776303e-09,0,1.4224595725776303e-09
176,1.456437763715963e-09,0,1.456437763715963e-09
177,1.4931838142072309e-09,0,1.4931838142072309e-09
178,1.5311192006112682e-09,0,1.5311192006112682e-09
179,1.5702941967598924e-09,0,1.5702941967598924e-09
180,1.611702677380429e-09,0,1.611702677380429e-09
181,1.6541377114038229e-09,0,1.6541377114038229e-09
182,1.6974179098726732e-09,0,1.6974179098726732e-09
183,1.7427257863635915e-09,0,1.7427257863635915e-09
184,1.7902727327913216e-09,0,1.7902727327913216e-09
185,1.839928833953985e-09,0,1.839928833953985e-09
186,1.8920255390463705e-09,0,1.8920255390463705e-09
187,1.948218063007811e-09,0,1.948218063007811e-09
188,2.009725882038482e-09,0,2.009725882038482e-09
189,2.0745509012223776e-09,0,2.0745509012223776e-09
190,2.1417114367073367e-09,0,2.1417114367073367e-09
191,2.2125907115895597e-09,0,2.2125907115895597e-09
192,2.287633480942982e-09,0,2.287633480942982e-09
193,2.3682617611685827e-09,0,2.3682617611685827e-09
194,2.4538162229172094e-09,0,2.4538162229172094e-09
195,2.5444497125054887e-09,0,2.5444497125054887e-09
196,2.6444167700122796e-09,0,2.6444167700122796e-09
197,2.7578633197148023e-09,0,2.7578633197148023e-09
198,2.8848171668144803e-09,0,2.8848171668144803e-09
199,3.0242754072664272e-09,0,3.0242754072664272e-09
200,3.1772636985348255e-09,0,3.1772636985348255e-09
201,3.345615683319329e-09,0,3.345615683319329e-09
202,3.5333315783709313e-09,0,3.5333315783709313e-09
203,3.741335519787745e-09,0,3.741335519787745e-09
204,3.966084555715458e-09,0,3.966084555715458e-09
205,4.2123467740546865e-09,0,4.2123467740546865e-09
206,4.489735184491486e-09,0,4.489735184491486e-09
207,4.800672400930429e-09,0,4.800672400930429e-09
208,5.150554429427601e-09,0,5.150554429427601e-09
209,5.563266400118281e-09,0,5.563266400118281e-09
210,6.045645005201851e-09,0,6.045645005201851e-09
211,6.610862747268338e-09,0,6.610862747268338e-09
212,7.287337025520943e-09,0,7.287337025520943e-09
213,8.088240944822699e-09,0,8.088240944822699e-09
214,9.098265914791717e-09,0,9.098265914791717e-09
215,1.0340411244973251e-08,0,1.0340411244973251e-08
216,1.1898243300020979e-08,0,1.1898243300020979e-08
217,1.384773932257135e-08,0,1.384773932257135e-08
218,1.6463501849716984e-08,0,1.6463501849716984e-08
219,1.992391041781187e-08,0,1.992391041781187e-08
220,2.4774822053405498e-08,0,2.4774822053405498e-08
221,3.1512177394858263e-08,0,3.1512177394858263e-08
222,4.175875732096097e-08,0,4.175875732096097e-08
223,5.72883319734827e-08,0,5.72883319734827e-08
224,8.357423512163397e-08,0,8.357423512163397e-08
225,1.2654412667778423e-07,0,1.2654412667778423e-07
226,2.1097553722550999e-07,0,2.1097553722550999e-07
227,3.587925574467525e-07,0,3.587925574467525e-07
228,6.101748080830954e-07,0,6.101748080830954e-07
229,1.0376851399966188e-06,0,1.0376851399966188e-06
