Temperature: 20 C
Humidity: 50 %
Date: 1970-01-01 00:00:00.000000
voltage,pad,gr,totalCurrent
0,1.7867655315563635e-11,0,1.7867655315563635e-11
1,1.4784786704502635e-11,0,1.4784786704502635e-11
2,1.2233833373046714e-11,0,1.2233833373046714e-11
3,1.0123019154134382e-11,0,1.0123019154134382e-11
4,8.735907392982083e-12,0,8.735907392982083e-12
5,7.974244167536182e-12,0,7.974244167536182e-12
6,8.529254320433168e-12,0,8.529254320433168e-12
7,9.36749393789272e-12,0,9.36749393789272e-12
8,1.0350929782774095e-11,0,1.0350929782774095e-11
9,1.150870805134513e-11,0,1.150870805134513e-11
10,1.2991202975883412e-11,0,1.2991202975883412e-11
11,1.514629581722559e-11,0,1.514629581722559e-11
12,1.7465185185883366e-11,0,1.7465185185883366e-11
13,2.0308517552645997e-11,0,2.0308517552645997e-11
14,2.388620334939463e-11,0,2.388620334939463e-11
15,2.8410246277696854e-11,0,2.8410246277696854e-11
16,3.412138847424534e-11,0,3.412138847424534e-11
17,4.1053474090661327e-11,0,4.1053474090661327e-11
18,4.892398108026778e-11,0,4.892398108026778e-11
19,5.933574278236637e-11,0,5.933574278236637e-11
20,6.963029466234179e-11,0,6.963029466234179e-11
21,7.904837598489434e-11,0,7.904837598489434e-11
22,8.991687593882728e-11,0,8.991687593882728e-11
23,1.0172108950086528e-10,0,1.0172108950086528e-10
24,1.1184741367176531e-10,0,1.1184741367176531e-10
25,1.1889715713620775e-10,0,1.1889715713620775e-10
26,1.2161246842375696e-10,0,1.2161246842375696e-10
27,1.2384142593139963e-10,0,1.2384142593139963e-10
28,1.2567858542949322e-10,0,1.2567858542949322e-10
29,1.254455988512555e-10,0,1.254455988512555e-10
30,1.2391160772371086e-10,0,1.2391160772371086e-10
31,1.2288328079873855e-10,0,1.2288328079873855e-10
32,1.22429169357336e-10,0,1.22429169357336e-10
33,1.2295804960259837e-10,0,1.2295804960259837e-10
34,1.2459646314786137e-10,0,1.2459646314786137e-10
35,1.2719757629402456e-10,0,1.2719757629402456e-10
36,1.3023879570029397e-10,0,1.3023879570029397e-10
37,1.328628454330942e-10,0,1.328628454330942e-10
38,1.3455521296643228e-10,0,1.3455521296643228e-10
39,1.3605206539694573e-10,0,1.3605206539694573e-10
40,1.3621199535725241e-10,0,1.3621199535725241e-10
41,1.3548649847729476e-10,0,1.3548649847729476e-10
42,1.3401234710642043e-10,0,1.3401234710642043e-10
43,1.3327222454547946e-10,0,1.3327222454547946e-10
44,1.3339636789918154e-10,0,1.3339636789918154e-10
45,1.3376537984077431e-10,0,1.3376537984077431e-10
46,1.3447634507036734e-10,0,1.3447634507036734e-10
47,1.3604638909543973e-10,0,1.3604638909543973e-10
48,1.3772334694453045e-10,0,1.3772334694453045e-10
49,1.3942066943663953e-10,0,1.3942066943663953e-10
50,1.4079592581492147e-10,0,1.4079592581492147e-10
51,1.4233125716085247e-10,0,1.4233125716085247e-10
52,1.440385487031866e-10,0,1.440385487031866e-10
53,1.4582682922996257e-10,0,1.4582682922996257e-10
54,1.487136672876289e-10,0,1.487136672876289e-10
55,1.518699411464701e-10,0,1.518699411464701e-10
56,1.5517053227544263e-10,0,1.5517053227544263e-10
57,1.5822010389071195e-10,0,1.5822010389071195e-10
58,1.6103901821984727e-10,0,1.6103901821984727e-10
59,1.6400068323679848e-10,0,1.6400068323679848e-10
60,1.6725500981801277e-10,0,1.6725500981801277e-10
61,1.6968663461412163e-10,0,1.6968663461412163e-10
62,1.725214537754972e-10,0,1.725214537754972e-10
63,1.7652148065931853e-10,0,1.7652148065931853e-10
64,1.8044695739270426e-10,0,1.8044695739270426e-10
65,1.840886641296773e-10,0,1.840886641296773e-10
66,1.872158792467243e-10,0,1.872158792467243e-10
67,1.9083362814879387e-10,0,1.9083362814879387e-10
68,1.9412401351634923e-10,0,1.9412401351634923e-10
69,1.967798378868458e-10,0,1.967798378868458e-10
70,1.9869601779891114e-10,0,1.9869601779891114e-10
71,2.0256007103447946e-10,0,2.0256007103447946e-10
72,2.0706732096442409e-10,0,2.0706732096442409e-10
73,2.123378036557652e-10,0,2.123378036557652e-10
74,2.1732923375741724e-10,0,2.1732923375741724e-10
75,2.2413252056908756e-10,0,2.2413252056908756e-10
76,2.312279744301464e-10,0,2.312279744301464e-10
77,2.3784297108656457e-10,0,2.3784297108656457e-10
78,2.4317909990379497e-10,0,2.4317909990379497e-10
79,2.4905844344271697e-10,0,2.4905844344271697e-10
80,2.545030868308604e-10,0,2.545030868308604e-10
81,2.604062007754535e-10,0,2.604062007754535e-10
82,2.652838569226147e-10,0,2.652838569226147e-10
83,2.717555062059969e-10,0,2.717555062059969e-10
84,2.783972590563943e-10,0,2.783972590563943e-10
85,2.842478605660577e-10,0,2.842478605660577e-10
86,2.901570538561648e-10,0,2.901570538561648e-10
87,2.9680436488679274e-10,0,2.9680436488679274e-10
88,3.023206386305352e-10,0,3.023206386305352e-10
89,3.0815995850876094e-10,0,3.0815995850876094e-10
90,3.1381422812100583e-10,0,3.1381422812100583e-10
91,3.21938858138537e-10,0,3.21938858138537e-10
92,3.316430425691074e-10,0,3.316430425691074e-10
93,3.406725871938195e-10,0,3.406725871938195e-10
94,3.497904783735019e-10,0,3.497904783735019e-10
95,3.6182881590216973e-10,0,3.6182881590216973e-10
96,3.7368114289062976e-10,0,3.7368114289062976e-10
97,3.8492047890427434e-10,0,3.8492047890427434e-10
98,3.9370936301350766e-10,0,3.9370936301350766e-10
99,4.0285901246162667e-10,0,4.0285901246162667e-10
100,4.133198639574888e-10,0,4.133198639574888e-10
101,4.241221919997861e-10,0,4.241221919997861e-10
102,4.3345480052506883e-10,0,4.3345480052506883e-10
103,4.4272533631737785e-10,0,4.4272533631737785e-10
104,4.518209395806837e-10,0,4.518209395806837e-10
105,4.624865892352591e-10,0,4.624865892352591e-10
106,4.724579228870949e-10,0,4.724579228870949e-10
107,4.82285086927437e-10,0,4.82285086927437e-10
108,4.912464652901064e-10,0,4.912464652901064e-10
109,4.980951982335438e-10,0,4.980951982335438e-10
110,5.064264856655527e-10,0,5.064264856655527e-10
111,5.172383977825756e-10,0,5.172383977825756e-10
112,5.280097533836144e-10,0,5.280097533836144e-10
113,5.397705748114551e-10,0,5.397705748114551e-10
114,5.530549549915129e-10,0,5.530549549915129e-10
115,5.687032020425458e-10,0,5.687032020425458e-10
116,5.850613698153595e-10,0,5.850613698153595e-10
117,5.998159329115206e-10,0,5.998159329115206e-10
118,6.137284627823754e-10,0,6.137284627823754e-10
119,6.284685897754028e-10,0,6.284685897754028e-10
120,6.418606591191165e-10,0,6.418606591191165e-10
121,6.523157932448638e-10,0,6.523157932448638e-10
122,6.644700848962981e-10,0,6.644700848962981e-10
123,6.823560992975722e-10,0,6.823560992975722e-10
124,7.042808754149129e-10,0,7.042808754149129e-10
125,7.299380758055085e-10,0,7.299380758055085e-10
126,7.633317343235856e-10,0,7.633317343235856e-10
127,8.023583942927253e-10,0,8.023583942927253e-10
128,8.474069135648112e-10,0,8.474069135648112e-10
129,8.945642101294298e-10,0,8.945642101294298e-10
130,9.452274959387122e-10,0,9.452274959387122e-10
131,1.0016680901619368e-09,0,1.0016680901619368e-09
132,1.0559062824028252e-09,0,1.0559062824028252e-09
133,1.0993688248000387e-09,0,1.0993688248000387e-09
134,1.1430630409895897e-09,0,1.1430630409895897e-09
135,1.1963754922663059e-09,0,1.1963754922663059e-09
136,1.2530463847583705e-09,0,1.2530463847583705e-09
137,1.3076120678081851e-09,0,1.3076120678081851e-09
138,1.3650034319067116e-09,0,1.3650034319067116e-09
139,1.4378983825629618e-09,0,1.4378983825629618e-09
140,1.5282404965886412e-09,0,1.5282404965886412e-09
141,1.6308169053217736e-09,0,1.6308169053217736e-09
142,1.7400948808669442e-09,0,1.7400948808669442e-09
143,1.8617252146724115e-09,0,1.8617252146724115e-09
144,1.9852287431386185e-09,0,1.9852287431386185e-09
145,2.112189019029206e-09,0,2.112189019029206e-09
146,2.2795249641238206e-09,0,2.2795249641238206e-09
147,2.513655449201889e-09,0,2.513655449201889e-09
148,2.809983474761515e-09,0,2.809983474761515e-09
149,3.157975249523256e-09,0,3.157975249523256e-09
150,3.603460617374473e-09,0,3.603460617374473e-09
151,4.277803363060422e-09,0,4.277803363060422e-09
152,5.68791875502293e-09,0,5.68791875502293e-09
153,8.09862008088847e-09,0,8.09862008088847e-09
154,1.155143393379422e-08,0,1.155143393379422e-08
155,1.6102186816545287e-08,0,1.6102186816545287e-08
156,2.4880617164122007e-08,0,2.4880617164122007e-08
157,3.844474280637976e-08,0,3.844474280637976e-08
158,5.940366601360118e-08,0,5.940366601360118e-08
