Temperature: 20 C
Humidity: 54 %
Date: 1970-01-01 00:00:00.000000
voltage,pad,gr,totalCurrent
0,2.831004348794788e-11,0,2.831004348794788e-11
1,2.1352357831704557e-11,0,2.1352357831704557e-11
2,1.610464445832625e-11,0,1.610464445832625e-11
3,1.2146674606423267e-11,0,1.2146674606423267e-11
4,9.568282897578803e-12,0,9.568282897578803e-12
5,8.271030526639361e-12,0,8.271030526639361e-12
6,8.695142328545937e-12,0,8.695142328545937e-12
7,9.390066064035228e-12,0,9.390066064035228e-12
8,1.0300094866118263e-11,0,1.0300094866118263e-11
9,1.1383363373051482e-11,0,1.1383363373051482e-11
10,1.2913583976350388e-11,0,1.2913583976350388e-11
11,1.5148690726353248e-11,0,1.5148690726353248e-11
12,1.7553117017154572e-11,0,1.7553117017154572e-11
13,2.048768649670506e-11,0,2.048768649670506e-11
14,2.4167733951490193e-11,0,2.4167733951490193e-11
15,2.8843610960497364e-11,0,2.8843610960497364e-11
16,3.472625876782178e-11,0,3.472625876782178e-11
17,4.1822077406308165e-11,0,4.1822077406308165e-11
18,4.984551803427757e-11,0,4.984551803427757e-11
19,6.041796269042774e-11,0,6.041796269042774e-11
20,7.094076732186476e-11,0,7.094076732186476e-11
21,8.057342517107367e-11,0,8.057342517107367e-11
22,9.172086615346008e-11,0,9.172086615346008e-11
23,1.0374891929072187e-10,0,1.0374891929072187e-10
24,1.1406033119280617e-10,0,1.1406033119280617e-10
25,1.2134277954265124e-10,0,1.2134277954265124e-10
26,1.2420146008905135e-10,0,1.2420146008905135e-10
27,1.263770920113762e-10,0,1.263770920113762e-10
28,1.2823553402050168e-10,0,1.2823553402050168e-10
29,1.2798150613241384e-10,0,1.2798150613241384e-10
30,1.2647314817295484e-10,0,1.2647314817295484e-10
31,1.2548031262531684e-10,0,1.2548031262531684e-10
32,1.2505421965052535e-10,0,1.2505421965052535e-10
33,1.257547788999172e-10,0,1.257547788999172e-10
34,1.2759174091558346e-10,0,1.2759174091558346e-10
35,1.3033921811134555e-10,0,1.3033921811134555e-10
36,1.3347167145023251e-10,0,1.3347167145023251e-10
37,1.361312595569124e-10,0,1.361312595569124e-10
38,1.3785859904877367e-10,0,1.3785859904877367e-10
39,1.393704688735903e-10,0,1.393704688735903e-10
40,1.394375090398834e-10,0,1.394375090398834e-10
41,1.3849153388899603e-10,0,1.3849153388899603e-10
42,1.3680642403814282e-10,0,1.3680642403814282e-10
43,1.3588814556440181e-10,0,1.3588814556440181e-10
44,1.3594186799901976e-10,0,1.3594186799901976e-10
45,1.3626105825354787e-10,0,1.3626105825354787e-10
46,1.369365657903514e-10,0,1.369365657903514e-10
47,1.3850369905573262e-10,0,1.3850369905573262e-10
48,1.4028208758944973e-10,0,1.4028208758944973e-10
49,1.4208331064526566e-10,0,1.4208331064526566e-10
50,1.4353493809872963e-10,0,1.4353493809872963e-10
51,1.451033237479577e-10,0,1.451033237479577e-10
52,1.468645054642297e-10,0,1.468645054642297e-10
53,1.4873456877301596e-10,0,1.4873456877301596e-10
54,1.5174759827292487e-10,0,1.5174759827292487e-10
55,1.550291889679999e-10,0,1.550291889679999e-10
56,1.584568862367584e-10,0,1.584568862367584e-10
57,1.616331459917865e-10,0,1.616331459917865e-10
58,1.645215388643177e-10,0,1.645215388643177e-10
59,1.674655925660835e-10,0,1.674655925660835e-10
60,1.706578366419445e-10,0,1.706578366419445e-10
61,1.729922387086195e-10,0,1.729922387086195e-10
62,1.7576027790057236e-10,0,1.7576027790057236e-10
63,1.7973630565629978e-10,0,1.7973630565629978e-10
64,1.8363929071635525e-10,0,1.8363929071635525e-10
65,1.8728002345430878e-10,0,1.8728002345430878e-10
66,1.9045810607297094e-10,0,1.9045810607297094e-10
67,1.9413424450783045e-10,0,1.9413424450783045e-10
68,1.974646279153732e-10,0,1.974646279153732e-10
69,2.0013363154992758e-10,0,2.0013363154992758e-10
70,2.0195692565931873e-10,0,2.0195692565931873e-10
71,2.0576145815121283e-10,0,2.0576145815121283e-10
72,2.1024481590526228e-10,0,2.1024481590526228e-10
73,2.155043492652489e-10,0,2.155043492652489e-10
74,2.2046949286414357e-10,0,2.2046949286414357e-10
75,2.27185423285003e-10,0,2.27185423285003e-10
76,2.3417585895167433e-10,0,2.3417585895167433e-10
77,2.407514484557135e-10,0,2.407514484557135e-10
78,2.460339423506396e-10,0,2.460339423506396e-10
79,2.518550732063874e-10,0,2.518550732063874e-10
80,2.572416359294351e-10,0,2.572416359294351e-10
81,2.6314123207740717e-10,0,2.6314123207740717e-10
82,2.681372335526313e-10,0,2.681372335526313e-10
83,2.747569149112374e-10,0,2.747569149112374e-10
84,2.815406389639483e-10,0,2.815406389639483e-10
85,2.874535121727634e-10,0,2.874535121727634e-10
86,2.934654329641319e-10,0,2.934654329641319e-10
87,3.000942876144318e-10,0,3.000942876144318e-10
88,3.0552205886802455e-10,0,3.0552205886802455e-10
89,3.1118532201451393e-10,0,3.1118532201451393e-10
90,3.1663634263736564e-10,0,3.1663634263736564e-10
91,3.2452318341063967e-10,0,3.2452318341063967e-10
92,3.339926839211913e-10,0,3.339926839211913e-10
93,3.428617651668081e-10,0,3.428617651668081e-10
94,3.518574019243718e-10,0,3.518574019243718e-10
95,3.6390373984401557e-10,0,3.6390373984401557e-10
96,3.757703952962805e-10,0,3.757703952962805e-10
97,3.8695614086941935e-10,0,3.8695614086941935e-10
98,3.956081623232791e-10,0,3.956081623232791e-10
99,4.0459487578986463e-10,0,4.0459487578986463e-10
100,4.147500121994251e-10,0,4.147500121994251e-10
101,4.2545329410457446e-10,0,4.2545329410457446e-10
102,4.3456414833301773e-10,0,4.3456414833301773e-10
103,4.4364793028219664e-10,0,4.4364793028219664e-10
104,4.526054269884696e-10,0,4.526054269884696e-10
105,4.632723006463866e-10,0,4.632723006463866e-10
106,4.73276163310478e-10,0,4.73276163310478e-10
107,4.831691503084801e-10,0,4.831691503084801e-10
108,4.92190185963368e-10,0,4.92190185963368e-10
109,4.992011372982968e-10,0,4.992011372982968e-10
110,5.077616146450585e-10,0,5.077616146450585e-10
111,5.187238976188348e-10,0,5.187238976188348e-10
112,5.297390226461962e-10,0,5.297390226461962e-10
113,5.416561025099141e-10,0,5.416561025099141e-10
114,5.549198630017583e-10,0,5.549198630017583e-10
115,5.704667735572661e-10,0,5.704667735572661e-10
116,5.866746612445559e-10,0,5.866746612445559e-10
117,6.011107654342485e-10,0,6.011107654342485e-10
118,6.148521211951507e-10,0,6.148521211951507e-10
119,6.292294654766183e-10,0,6.292294654766183e-10
120,6.422258162650117e-10,0,6.422258162650117e-10
121,6.52553620111564e-10,0,6.52553620111564e-10
122,6.649035850805678e-10,0,6.649035850805678e-10
123,6.827772787458359e-10,0,6.827772787458359e-10
124,7.050112215847266e-10,0,7.050112215847266e-10
125,7.313981575809406e-10,0,7.313981575809406e-10
126,7.661681140319527e-10,0,7.661681140319527e-10
127,8.072076756322757e-10,0,8.072076756322757e-10
128,8.544757713322466e-10,0,8.544757713322466e-10
129,9.031105769929333e-10,0,9.031105769929333e-10
130,9.551341916139295e-10,0,9.551341916139295e-10
131,1.0124063985264068e-09,0,1.0124063985264068e-09
132,1.0662679701166512e-09,0,1.0662679701166512e-09
133,1.1088486802992825e-09,0,1.1088486802992825e-09
134,1.1504791533234724e-09,0,1.1504791533234724e-09
135,1.2011717304578291e-09,0,1.2011717304578291e-09
136,1.2552523437863418e-09,0,1.2552523437863418e-09
137,1.307660882631648e-09,0,1.307660882631648e-09
138,1.363319913460256e-09,0,1.363319913460256e-09
139,1.4347222885098638e-09,0,1.4347222885098638e-09
140,1.5228437122760638e-09,0,1.5228437122760638e-09
141,1.624108944199288e-09,0,1.624108944199288e-09
142,1.7329526534867312e-09,0,1.7329526534867312e-09
143,1.8535301255817288e-09,0,1.8535301255817288e-09
144,1.9745855738765276e-09,0,1.9745855738765276e-09
145,2.097946987358093e-09,0,2.097946987358093e-09
146,2.262395255981572e-09,0,2.262395255981572e-09
147,2.4927620936154054e-09,0,2.4927620936154054e-09
148,2.784113201640677e-09,0,2.784113201640677e-09
149,3.1210988093824036e-09,0,3.1210988093824036e-09
150,3.5469513541730956e-09,0,3.5469513541730956e-09
151,4.184008148538295e-09,0,4.184008148538295e-09
152,5.469041568997372e-09,0,5.469041568997372e-09
153,7.634809318212188e-09,0,7.634809318212188e-09
154,1.0706060847140288e-08,0,1.0706060847140288e-08
155,1.4672557279097834e-08,0,1.4672557279097834e-08
156,1.8587452655717392e-08,0,1.8587452655717392e-08
157,2.3025108780844212e-08,0,2.3025108780844212e-08
158,2.734243550316115e-08,0,2.734243550316115e-08
159,3.246931891631679e-08,0,3.246931891631679e-08
160,3.855748377786432e-08,0,3.855748377786432e-08
