Temperature: 20 C
Humidity: 36 %
Date: 1970-01-01 00:00:00.000000
voltage,pad,gr,totalCurrent
0,5.922366363507734e-12,0,5.922366363507734e-12
1,6.2403771552296205e-12,0,6.2403771552296205e-12
2,6.575478476577393e-12,0,6.575478476577393e-12
3,6.928559152094416e-12,0,6.928559152094416e-12
4,7.43648068942522e-12,0,7.43648068942522e-12
5,7.952996935808938e-12,0,7.952996935808938e-12
6,8.675269329117136e-12,0,8.675269329117136e-12
7,9.650811377018624e-12,0,9.650811377018624e-12
8,1.075641895508358e-11,0,1.075641895508358e-11
9,1.182851802453037e-11,0,1.182851802453037e-11
10,1.3026167718924856e-11,0,1.3026167718924856e-11
11,1.4767395083250908e-11,0,1.4767395083250908e-11
12,1.665849713527382e-11,0,1.665849713527382e-11
13,1.9031052806987655e-11,0,1.9031052806987655e-11
14,2.205876528576217e-11,0,2.205876528576217e-11
15,2.5775732369086925e-11,0,2.5775732369086925e-11
16,3.053758374825216e-11,0,3.053758374825216e-11
17,3.6431551023769495e-11,0,3.6431551023769495e-11
18,4.3170127801545245e-11,0,4.3170127801545245e-11
19,5.20993327187387e-11,0,5.20993327187387e-11
20,6.086913431683571e-11,0,6.086913431683571e-11
21,6.878895184082011e-11,0,6.878895184082011e-11
22,7.78318135960349e-11,0,7.78318135960349e-11
23,8.771584290362668e-11,0,8.771584290362668e-11
24,9.611516163731952e-11,0,9.611516163731952e-11
25,1.016491894632298e-10,0,1.016491894632298e-10
26,1.0350202455526774e-10,0,1.0350202455526774e-10
27,1.0503952954331546e-10,0,1.0503952954331546e-10
28,1.062406926701111e-10,0,1.062406926701111e-10
29,1.0581229469733964e-10,0,1.0581229469733964e-10
30,1.0433928971985421e-10,0,1.0433928971985421e-10
31,1.0333261114850606e-10,0,1.0333261114850606e-10
32,1.0282625869891394e-10,0,1.0282625869891394e-10
33,1.0300569858132824e-10,0,1.0300569858132824e-10
34,1.0414929303246895e-10,0,1.0414929303246895e-10
35,1.0624185915483979e-10,0,1.0624185915483979e-10
36,1.088367560793029e-10,0,1.088367560793029e-10
37,1.1124729093855754e-10,0,1.1124729093855754e-10
38,1.1279081903250531e-10,0,1.1279081903250531e-10
39,1.1421196439160462e-10,0,1.1421196439160462e-10
40,1.1461697024727158e-10,0,1.1461697024727158e-10
41,1.1433768428956751e-10,0,1.1433768428956751e-10
42,1.1356972276065448e-10,0,1.1356972276065448e-10
43,1.1338432838359055e-10,0,1.1338432838359055e-10
44,1.1374542881922323e-10,0,1.1374542881922323e-10
45,1.1429400541409631e-10,0,1.1429400541409631e-10
46,1.1513434915559035e-10,0,1.1513434915559035e-10
47,1.1666825585528465e-10,0,1.1666825585528465e-10
48,1.1822934839056617e-10,0,1.1822934839056617e-10
49,1.1961128070689012e-10,0,1.1961128070689012e-10
50,1.2075665850952953e-10,0,1.2075665850952953e-10
51,1.2210188650674264e-10,0,1.2210188650674264e-10
52,1.235893175606372e-10,0,1.235893175606372e-10
53,1.2503994081884026e-10,0,1.2503994081884026e-10
54,1.2732808341046654e-10,0,1.2732808341046654e-10
55,1.297612064052055e-10,0,1.297612064052055e-10
56,1.3235150895105645e-10,0,1.3235150895105645e-10
57,1.346911987470385e-10,0,1.346911987470385e-10
58,1.3691311310281597e-10,0,1.3691311310281597e-10
59,1.3943842762219108e-10,0,1.3943842762219108e-10
60,1.4235001124765047e-10,0,1.4235001124765047e-10
61,1.4473862740129569e-10,0,1.4473862740129569e-10
62,1.4753911210327422e-10,0,1.4753911210327422e-10
63,1.5130771359942187e-10,0,1.5130771359942187e-10
64,1.550526804947618e-10,0,1.550526804947618e-10
65,1.5841826759957013e-10,0,1.5841826759957013e-10
66,1.6129524866533156e-10,0,1.6129524866533156e-10
67,1.6471023281363809e-10,0,1.6471023281363809e-10
68,1.6778730631454024e-10,0,1.6778730631454024e-10
69,1.7034595495976698e-10,0,1.7034595495976698e-10
70,1.7229467619744415e-10,0,1.7229467619744415e-10
71,1.7596611227034872e-10,0,1.7596611227034872e-10
72,1.8024735967470026e-10,0,1.8024735967470026e-10
73,1.8507766494614102e-10,0,1.8507766494614102e-10
74,1.8953106240890619e-10,0,1.8953106240890619e-10
75,1.9570208786168374e-10,0,1.9570208786168374e-10
76,2.0216369334562016e-10,0,2.0216369334562016e-10
77,2.081852584924849e-10,0,2.081852584924849e-10
78,2.1303556399944214e-10,0,2.1303556399944214e-10
79,2.183442933626068e-10,0,2.183442933626068e-10
80,2.2327090381399856e-10,0,2.2327090381399856e-10
81,2.2857655200142846e-10,0,2.2857655200142846e-10
82,2.3271641131931852e-10,0,2.3271641131931852e-10
83,2.3814556541133406e-10,0,2.3814556541133406e-10
84,2.4382931277162054e-10,0,2.4382931277162054e-10
85,2.49105482272053e-10,0,2.49105482272053e-10
86,2.543796070851179e-10,0,2.543796070851179e-10
87,2.605263128121524e-10,0,2.605263128121524e-10
88,2.6576372176229165e-10,0,2.6576372176229165e-10
89,2.7141676217743465e-10,0,2.7141676217743465e-10
90,2.7700020296324146e-10,0,2.7700020296324146e-10
91,2.847532746268713e-10,0,2.847532746268713e-10
92,2.937200914712378e-10,0,2.937200914712378e-10
93,3.019404798772904e-10,0,3.019404798772904e-10
94,3.101088824632081e-10,0,3.101088824632081e-10
95,3.20535095463138e-10,0,3.20535095463138e-10
96,3.308952352964256e-10,0,3.308952352964256e-10
97,3.413202986835194e-10,0,3.413202986835194e-10
98,3.5012399727530414e-10,0,3.5012399727530414e-10
99,3.5942933366454255e-10,0,3.5942933366454255e-10
100,3.7009044838116324e-10,0,3.7009044838116324e-10
101,3.8103849820371753e-10,0,3.8103849820371753e-10
102,3.913854145776248e-10,0,3.913854145776248e-10
103,4.017847195029807e-10,0,4.017847195029807e-10
104,4.115809100282896e-10,0,4.115809100282896e-10
105,4.2230996797560215e-10,0,4.2230996797560215e-10
106,4.3253155779647954e-10,0,4.3253155779647954e-10
107,4.4257758843579557e-10,0,4.4257758843579557e-10
108,4.5158288368831927e-10,0,4.5158288368831927e-10
109,4.5817736512578254e-10,0,4.5817736512578254e-10
110,4.657202828889043e-10,0,4.657202828889043e-10
111,4.753509332498524e-10,0,4.753509332498524e-10
112,4.843440413393599e-10,0,4.843440413393599e-10
113,4.938997445894046e-10,0,4.938997445894046e-10
114,5.052113410891585e-10,0,5.052113410891585e-10
115,5.185655904604401e-10,0,5.185655904604401e-10
116,5.322412752704057e-10,0,5.322412752704057e-10
117,5.449130029185921e-10,0,5.449130029185921e-10
118,5.564928087768344e-10,0,5.564928087768344e-10
119,5.697882155243075e-10,0,5.697882155243075e-10
120,5.824220494557576e-10,0,5.824220494557576e-10
121,5.927023991419779e-10,0,5.927023991419779e-10
122,6.046096396879034e-10,0,6.046096396879034e-10
123,6.223449118240619e-10,0,6.223449118240619e-10
124,6.426109365239282e-10,0,6.426109365239282e-10
125,6.647751111056433e-10,0,6.647751111056433e-10
126,6.914135591710408e-10,0,6.914135591710408e-10
127,7.219167678327788e-10,0,7.219167678327788e-10
128,7.572546404385506e-10,0,7.572546404385506e-10
129,7.959845816348046e-10,0,7.959845816348046e-10
130,8.38608362542842e-10,0,8.38608362542842e-10
131,8.881402648725962e-10,0,8.881402648725962e-10
132,9.379246907331209e-10,0,9.379246907331209e-10
133,9.806762326873842e-10,0,9.806762326873842e-10
134,1.0249442086135122e-09,0,1.0249442086135122e-09
135,1.0783119239468907e-09,0,1.0783119239468907e-09
136,1.1336266897591102e-09,0,1.1336266897591102e-09
137,1.1857410851993398e-09,0,1.1857410851993398e-09
138,1.2401096385872072e-09,0,1.2401096385872072e-09
139,1.3111861017077108e-09,0,1.3111861017077108e-09
140,1.3987851062402522e-09,0,1.3987851062402522e-09
141,1.4969757580466054e-09,0,1.4969757580466054e-09
142,1.6002343128710535e-09,0,1.6002343128710535e-09
143,1.7177297363900834e-09,0,1.7177297363900834e-09
144,1.8413151890599314e-09,0,1.8413151890599314e-09
145,1.972002993593799e-09,0,1.972002993593799e-09
146,2.1369619585616885e-09,0,2.1369619585616885e-09
147,2.3634457968646245e-09,0,2.3634457968646245e-09
148,2.649374712844648e-09,0,2.649374712844648e-09
149,2.995721696762697e-09,0,2.995721696762697e-09
150,3.4514988753017836e-09,0,3.4514988753017836e-09
151,4.170331642224116e-09,0,4.170331642224116e-09
152,5.826599827527653e-09,0,5.826599827527653e-09
153,8.714697246589042e-09,0,8.714697246589042e-09
154,1.9767026880250065e-08,0,1.9767026880250065e-08
155,4.4609603958239476e-08,0,4.4609603958239476e-08
156,1.0067343927909449e-07,0,1.0067343927909449e-07
157,2.2719664836604202e-07,0,2.2719664836604202e-07
