Temperature: 20 C
Humidity: 12 %
Date: 1970-01-01 00:00:00.000000
voltage,pad,gr,totalCurrent
0,2.8925051910518436e-11,0,2.8925051910518436e-11
1,3.3586962593573015e-11,0,3.3586962593573015e-11
2,3.9000243102480006e-11,0,3.9000243102480006e-11
3,4.528599327238932e-11,0,4.528599327238932e-11
4,5.082624974239354e-11,0,5.082624974239354e-11
5,5.815313031114737e-11,0,5.815313031114737e-11
6,6.754017587323826e-11,0,6.754017587323826e-11
7,7.731397104825637e-11,0,7.731397104825637e-11
8,8.554031947462015e-11,0,8.554031947462015e-11
9,9.180852194591026e-11,0,9.180852194591026e-11
10,9.663598842653882e-11,0,9.663598842653882e-11
11,1.035236185765935e-10,0,1.035236185765935e-10
12,1.1125413126144184e-10,0,1.1125413126144184e-10
13,1.2034105606285452e-10,0,1.2034105606285452e-10
14,1.3139184783867872e-10,0,1.3139184783867872e-10
15,1.4509981880805372e-10,0,1.4509981880805372e-10
16,1.6308670420155774e-10,0,1.6308670420155774e-10
17,1.858335105111966e-10,0,1.858335105111966e-10
18,2.1684061613828818e-10,0,2.1684061613828818e-10
19,2.5935273883628405e-10,0,2.5935273883628405e-10
20,3.046845827132442e-10,0,3.046845827132442e-10
21,3.532741951152286e-10,0,3.532741951152286e-10
22,4.039166641182523e-10,0,4.039166641182523e-10
23,4.5771679420883963e-10,0,4.5771679420883963e-10
24,5.11447746660081e-10,0,5.11447746660081e-10
25,5.499510307780781e-10,0,5.499510307780781e-10
26,5.695768007373313e-10,0,5.695768007373313e-10
27,5.881451498573465e-10,0,5.881451498573465e-10
28,6.041862605800419e-10,0,6.041862605800419e-10
29,6.21267584309734e-10,0,6.21267584309734e-10
30,6.354655374305408e-10,0,6.354655374305408e-10
31,6.482276081804579e-10,0,6.482276081804579e-10
32,6.616744707346604e-10,0,6.616744707346604e-10
33,6.753631985647824e-10,0,6.753631985647824e-10
34,6.890036934651517e-10,0,6.890036934651517e-10
35,7.038819806298711e-10,0,7.038819806298711e-10
36,7.195648977550551e-10,0,7.195648977550551e-10
37,7.352048241697775e-10,0,7.352048241697775e-10
38,7.492127832999183e-10,0,7.492127832999183e-10
39,7.614750762332675e-10,0,7.614750762332675e-10
40,7.739482620116144e-10,0,7.739482620116144e-10
41,7.865722157717804e-10,0,7.865722157717804e-10
42,7.977221554558493e-10,0,7.977221554558493e-10
43,8.066034587634071e-10,0,8.066034587634071e-10
44,8.106413172531062e-10,0,8.106413172531062e-10
45,8.116494804971709e-10,0,8.116494804971709e-10
46,8.1036366914109e-10,0,8.1036366914109e-10
47,8.078566935366629e-10,0,8.078566935366629e-10
48,8.081689753531943e-10,0,8.081689753531943e-10
49,8.134283944525779e-10,0,8.134283944525779e-10
50,8.217570212440177e-10,0,8.217570212440177e-10
51,8.350654292440647e-10,0,8.350654292440647e-10
52,8.501486270446191e-10,0,8.501486270446191e-10
53,8.660327831311224e-10,0,8.660327831311224e-10
54,8.813307665818956e-10,0,8.813307665818956e-10
55,8.937748745612927e-10,0,8.937748745612927e-10
56,9.017392757520571e-10,0,9.017392757520571e-10
57,9.079166059109621e-10,0,9.079166059109621e-10
58,9.088481455020414e-10,0,9.088481455020414e-10
59,9.115944530625794e-10,0,9.115944530625794e-10
60,9.164617297549319e-10,0,9.164617297549319e-10
61,9.277400389039645e-10,0,9.277400389039645e-10
62,9.44505448990017e-10,0,9.44505448990017e-10
63,9.642655761133986e-10,0,9.642655761133986e-10
64,9.870366234179192e-10,0,9.870366234179192e-10
65,1.015927322311344e-09,0,1.015927322311344e-09
66,1.0446400566328117e-09,0,1.0446400566328117e-09
67,1.072431985948293e-09,0,1.072431985948293e-09
68,1.0950488143851259e-09,0,1.0950488143851259e-09
69,1.1134113775876429e-09,0,1.1134113775876429e-09
70,1.129705294632332e-09,0,1.129705294632332e-09
71,1.1430504907048729e-09,0,1.1430504907048729e-09
72,1.1539252007544961e-09,0,1.1539252007544961e-09
73,1.1643202852845293e-09,0,1.1643202852845293e-09
74,1.1785323674832632e-09,0,1.1785323674832632e-09
75,1.1941943292976323e-09,0,1.1941943292976323e-09
76,1.2107714505518676e-09,0,1.2107714505518676e-09
77,1.2292889245742858e-09,0,1.2292889245742858e-09
78,1.2495786917035943e-09,0,1.2495786917035943e-09
79,1.268957159681183e-09,0,1.268957159681183e-09
80,1.2911485717803769e-09,0,1.2911485717803769e-09
81,1.316084202520795e-09,0,1.316084202520795e-09
82,1.3431255406913245e-09,0,1.3431255406913245e-09
83,1.3716950644539774e-09,0,1.3716950644539774e-09
84,1.4011768651693827e-09,0,1.4011768651693827e-09
85,1.433660952652349e-09,0,1.433660952652349e-09
86,1.4699582251458837e-09,0,1.4699582251458837e-09
87,1.5075220191508578e-09,0,1.5075220191508578e-09
88,1.539372051755395e-09,0,1.539372051755395e-09
89,1.571777637878563e-09,0,1.571777637878563e-09
90,1.6008810159340495e-09,0,1.6008810159340495e-09
91,1.6284908264873873e-09,0,1.6284908264873873e-09
92,1.6550569507493896e-09,0,1.6550569507493896e-09
93,1.6820527635733587e-09,0,1.6820527635733587e-09
94,1.7170358303028314e-09,0,1.7170358303028314e-09
95,1.7631151213136335e-09,0,1.7631151213136335e-09
96,1.8055238972663707e-09,0,1.8055238972663707e-09
97,1.8238382857910004e-09,0,1.8238382857910004e-09
98,1.8387938515296245e-09,0,1.8387938515296245e-09
99,1.8552403968579398e-09,0,1.8552403968579398e-09
100,1.8714230494699558e-09,0,1.8714230494699558e-09
101,1.923950936066025e-09,0,1.923950936066025e-09
102,1.9657339669284097e-09,0,1.9657339669284097e-09
103,2.0275454409435724e-09,0,2.0275454409435724e-09
104,2.1195626677314747e-09,0,2.1195626677314747e-09
105,2.2128628134996792e-09,0,2.2128628134996792e-09
106,2.30065602915864e-09,0,2.30065602915864e-09
107,2.390887340876075e-09,0,2.390887340876075e-09
108,2.447955293160668e-09,0,2.447955293160668e-09
109,2.5144945953253065e-09,0,2.5144945953253065e-09
110,2.578014765249952e-09,0,2.578014765249952e-09
111,2.6820672177072022e-09,0,2.6820672177072022e-09
112,2.8284442478737437e-09,0,2.8284442478737437e-09
113,3.0846665316536543e-09,0,3.0846665316536543e-09
114,3.457734605959405e-09,0,3.457734605959405e-09
115,3.912719836711348e-09,0,3.912719836711348e-09
116,4.495309023107908e-09,0,4.495309023107908e-09
117,5.202033827760147e-09,0,5.202033827760147e-09
118,5.932492917306677e-09,0,5.932492917306677e-09
119,6.605653233486879e-09,0,6.605653233486879e-09
120,6.99254081123861e-09,0,6.99254081123861e-09
121,7.101792033857161e-09,0,7.101792033857161e-09
122,7.025832751881005e-09,0,7.025832751881005e-09
123,6.816447318547031e-09,0,6.816447318547031e-09
124,6.514955265247181e-09,0,6.514955265247181e-09
125,6.137473308207903e-09,0,6.137473308207903e-09
126,5.8496245275343334e-09,0,5.8496245275343334e-09
127,5.7283551758489516e-09,0,5.7283551758489516e-09
128,5.698507793193562e-09,0,5.698507793193562e-09
129,5.714685572494755e-09,0,5.714685572494755e-09
130,5.795184212130005e-09,0,5.795184212130005e-09
131,5.9084284032660126e-09,0,5.9084284032660126e-09
132,6.113516975218765e-09,0,6.113516975218765e-09
133,6.325710524502704e-09,0,6.325710524502704e-09
134,6.491691941666534e-09,0,6.491691941666534e-09
135,6.632950737767486e-09,0,6.632950737767486e-09
136,6.762803400974189e-09,0,6.762803400974189e-09
137,6.928985172191835e-09,0,6.928985172191835e-09
138,7.116435163730959e-09,0,7.116435163730959e-09
139,7.315009545072867e-09,0,7.315009545072867e-09
140,7.537027964814546e-09,0,7.537027964814546e-09
141,7.835381284075423e-09,0,7.835381284075423e-09
142,8.3494257811982e-09,0,8.3494257811982e-09
143,8.942597817857564e-09,0,8.942597817857564e-09
144,9.518239600459772e-09,0,9.518239600459772e-09
145,1.0180701191672062e-08,0,1.0180701191672062e-08
146,1.095736756140811e-08,0,1.095736756140811e-08
147,1.1886609169936364e-08,0,1.1886609169936364e-08
148,1.3027025878397994e-08,0,1.3027025878397994e-08
149,1.4075172057878389e-08,0,1.4075172057878389e-08
150,1.5345895656159803e-08,0,1.5345895656159803e-08
151,1.664136790648689e-08,0,1.664136790648689e-08
152,1.8348510986332257e-08,0,1.8348510986332257e-08
153,2.0354145645070982e-08,0,2.0354145645070982e-08
154,2.3891658990990796e-08,0,2.3891658990990796e-08
155,2.827478598094835e-08,0,2.827478598094835e-08
156,3.307495804084107e-08,0,3.307495804084107e-08
157,3.832993258549398e-08,0,3.832993258549398e-08
158,4.707988030564205e-08,0,4.707988030564205e-08
159,5.8955264812627454e-08,0,5.8955264812627454e-08
160,7.868071564060817e-08,0,7.868071564060817e-08
161,1.0951522185935734e-07,0,1.0951522185935734e-07
162,1.5540906410233675e-07,0,1.5540906410233675e-07
163,2.205355868616626e-07,0,2.205355868616626e-07
164,3.1295436565007043e-07,0,3.1295436565007043e-07
