Temperature: 20 C
Humidity: 78 %
Date: 1970-01-01 00:00:00.000000
voltage,pad,gr,totalCurrent
26,6.741866899384977e-11,0,6.741866899384977e-11
27,6.994859805836133e-11,0,6.994859805836133e-11
28,7.247886309597706e-11,0,7.247886309597706e-11
29,7.497608380979592e-11,0,7.497608380979592e-11
30,7.737528412461998e-11,0,7.737528412461998e-11
31,7.949888930738781e-11,0,7.949888930738781e-11
32,7.951565007276516e-11,0,7.951565007276516e-11
33,7.844781307419131e-11,0,7.844781307419131e-11
34,7.737052680081837e-11,0,7.737052680081837e-11
35,7.571698389303253e-11,0,7.571698389303253e-11
36,7.416552315147719e-11,0,7.416552315147719e-11
37,7.285241014981038e-11,0,7.285241014981038e-11
38,7.218058075470313e-11,0,7.218058075470313e-11
39,7.271943014095154e-11,0,7.271943014095154e-11
40,7.388252297780412e-11,0,7.388252297780412e-11
41,7.519289988190603e-11,0,7.519289988190603e-11
42,7.661512898064467e-11,0,7.661512898064467e-11
43,7.800822363781944e-11,0,7.800822363781944e-11
44,7.927992783433916e-11,0,7.927992783433916e-11
45,8.104188352323392e-11,0,8.104188352323392e-11
46,8.284572656185158e-11,0,8.284572656185158e-11
47,8.454255837548916e-11,0,8.454255837548916e-11
48,8.640591323280955e-11,0,8.640591323280955e-11
49,8.843006827545418e-11,0,8.843006827545418e-11
50,9.088720948706812e-11,0,9.088720948706812e-11
51,9.355817329464964e-11,0,9.355817329464964e-11
52,9.547714112430795e-11,0,9.547714112430795e-11
53,9.712934585507552e-11,0,9.712934585507552e-11
54,9.888589614269636e-11,0,9.888589614269636e-11
55,1.0034865913476924e-10,0,1.0034865913476924e-10
56,1.0151713315708232e-10,0,1.0151713315708232e-10
57,1.021652243328429e-10,0,1.021652243328429e-10
58,1.024363694625348e-10,0,1.024363694625348e-10
59,1.0257209914402275e-10,0,1.0257209914402275e-10
60,1.0275402876638023e-10,0,1.0275402876638023e-10
61,1.0311002583932961e-10,0,1.0311002583932961e-10
62,1.0392723066616383e-10,0,1.0392723066616383e-10
63,1.0492887202682973e-10,0,1.0492887202682973e-10
64,1.0614298674244402e-10,0,1.0614298674244402e-10
65,1.079702767295053e-10,0,1.079702767295053e-10
66,1.0982902417597381e-10,0,1.0982902417597381e-10
67,1.1125046675044938e-10,0,1.1125046675044938e-10
68,1.1195774584685354e-10,0,1.1195774584685354e-10
69,1.1214080762306778e-10,0,1.1214080762306778e-10
70,1.1213391278398226e-10,0,1.1213391278398226e-10
71,1.1177547380386282e-10,0,1.1177547380386282e-10
72,1.1094624546967615e-10,0,1.1094624546967615e-10
73,1.1087951129384735e-10,0,1.1087951129384735e-10
74,1.1157193619295257e-10,0,1.1157193619295257e-10
75,1.1305887827291613e-10,0,1.1305887827291613e-10
76,1.1523729508577468e-10,0,1.1523729508577468e-10
77,1.1765361561171627e-10,0,1.1765361561171627e-10
78,1.2036193432545698e-10,0,1.2036193432545698e-10
79,1.2319399055605488e-10,0,1.2319399055605488e-10
80,1.252331176864073e-10,0,1.252331176864073e-10
81,1.2691048540299078e-10,0,1.2691048540299078e-10
82,1.2829299216616363e-10,0,1.2829299216616363e-10
83,1.2901056197137276e-10,0,1.2901056197137276e-10
84,1.2958608366510032e-10,0,1.2958608366510032e-10
85,1.3060337474772763e-10,0,1.3060337474772763e-10
86,1.3194321961885643e-10,0,1.3194321961885643e-10
87,1.3346610280673229e-10,0,1.3346610280673229e-10
88,1.3470421328189938e-10,0,1.3470421328189938e-10
89,1.3683917324155563e-10,0,1.3683917324155563e-10
90,1.3974189052034098e-10,0,1.3974189052034098e-10
91,1.426569912957645e-10,0,1.426569912957645e-10
92,1.451151137126123e-10,0,1.451151137126123e-10
93,1.4721839351210827e-10,0,1.4721839351210827e-10
94,1.4929903712478562e-10,0,1.4929903712478562e-10
95,1.521596897060464e-10,0,1.521596897060464e-10
96,1.542657856057437e-10,0,1.542657856057437e-10
97,1.5600725604771574e-10,0,1.5600725604771574e-10
98,1.5866301135504439e-10,0,1.5866301135504439e-10
99,1.6192551984591983e-10,0,1.6192551984591983e-10
100,1.6532117219703324e-10,0,1.6532117219703324e-10
101,1.692501165565284e-10,0,1.692501165565284e-10
102,1.7336796409458493e-10,0,1.7336796409458493e-10
103,1.7751776808737305e-10,0,1.7751776808737305e-10
104,1.8179205129402905e-10,0,1.8179205129402905e-10
105,1.869414588224215e-10,0,1.869414588224215e-10
106,1.9189973675042785e-10,0,1.9189973675042785e-10
107,1.9728909158903164e-10,0,1.9728909158903164e-10
108,2.0334399597561634e-10,0,2.0334399597561634e-10
109,2.0858794595281032e-10,0,2.0858794595281032e-10
110,2.1410625184163131e-10,0,2.1410625184163131e-10
111,2.2012602657585635e-10,0,2.2012602657585635e-10
112,2.24067070686202e-10,0,2.24067070686202e-10
113,2.2798553606978198e-10,0,2.2798553606978198e-10
114,2.3200818743197765e-10,0,2.3200818743197765e-10
115,2.350382650539933e-10,0,2.350382650539933e-10
116,2.379176693187234e-10,0,2.379176693187234e-10
117,2.403420776287749e-10,0,2.403420776287749e-10
118,2.422596907210499e-10,0,2.422596907210499e-10
119,2.4438196518028195e-10,0,2.4438196518028195e-10
120,2.4685652469379267e-10,0,2.4685652469379267e-10
121,2.4879005461644117e-10,0,2.4879005461644117e-10
122,2.502711545584104e-10,0,2.502711545584104e-10
123,2.517522264180204e-10,0,2.517522264180204e-10
124,2.5317534005425066e-10,0,2.5317534005425066e-10
125,2.5483191314627536e-10,0,2.5483191314627536e-10
126,2.5785866002204183e-10,0,2.5785866002204183e-10
127,2.6305457093402875e-10,0,2.6305457093402875e-10
128,2.6976490572637624e-10,0,2.6976490572637624e-10
129,2.785171069113337e-10,0,2.785171069113337e-10
130,2.8756336610706605e-10,0,2.8756336610706605e-10
131,2.9608829678357683e-10,0,2.9608829678357683e-10
132,3.0265009793780385e-10,0,3.0265009793780385e-10
133,3.066330731742297e-10,0,3.066330731742297e-10
134,3.0720055037962384e-10,0,3.0720055037962384e-10
135,3.0615940764521844e-10,0,3.0615940764521844e-10
136,3.0313564081997366e-10,0,3.0313564081997366e-10
137,2.9995329861183925e-10,0,2.9995329861183925e-10
138,2.976208345044344e-10,0,2.976208345044344e-10
139,2.9697647875957337e-10,0,2.9697647875957337e-10
140,2.985503245319466e-10,0,2.985503245319466e-10
141,3.0100440098472326e-10,0,3.0100440098472326e-10
142,3.04229960179246e-10,0,3.04229960179246e-10
143,3.080090928077501e-10,0,3.080090928077501e-10
144,3.1495332160830834e-10,0,3.1495332160830834e-10
145,3.236201201811907e-10,0,3.236201201811907e-10
146,3.3284758259404964e-10,0,3.3284758259404964e-10
147,3.4451836050420463e-10,0,3.4451836050420463e-10
148,3.557872464297329e-10,0,3.557872464297329e-10
149,3.663081556789686e-10,0,3.663081556789686e-10
150,3.765055060871291e-10,0,3.765055060871291e-10
151,3.8409892558773164e-10,0,3.8409892558773164e-10
152,3.9324191766743324e-10,0,3.9324191766743324e-10
153,4.0882186834535557e-10,0,4.0882186834535557e-10
154,4.2831423124052413e-10,0,4.2831423124052413e-10
155,4.496404873421404e-10,0,4.496404873421404e-10
156,4.754250510175983e-10,0,4.754250510175983e-10
157,5.09814010091223e-10,0,5.09814010091223e-10
158,5.509917979106237e-10,0,5.509917979106237e-10
159,5.950001282323253e-10,0,5.950001282323253e-10
160,6.390577188564568e-10,0,6.390577188564568e-10
161,6.825134491069909e-10,0,6.825134491069909e-10
162,7.391660119977e-10,0,7.391660119977e-10
163,8.03666798531701e-10,0,8.03666798531701e-10
164,8.651280299772247e-10,0,8.651280299772247e-10
165,9.30255358793435e-10,0,9.30255358793435e-10
166,1.00491552275584e-09,0,1.00491552275584e-09
167,1.0825445118688976e-09,0,1.0825445118688976e-09
168,1.1650850045119572e-09,0,1.1650850045119572e-09
169,1.2375171645694653e-09,0,1.2375171645694653e-09
170,1.3100924412157804e-09,0,1.3100924412157804e-09
171,1.408441655429235e-09,0,1.408441655429235e-09
172,1.5150952932679935e-09,0,1.5150952932679935e-09
173,1.6207777743430744e-09,0,1.6207777743430744e-09
174,1.7475428194862192e-09,0,1.7475428194862192e-09
175,1.8849839441290933e-09,0,1.8849839441290933e-09
176,2.0655822632060958e-09,0,2.0655822632060958e-09
177,2.2603543165643526e-09,0,2.2603543165643526e-09
178,2.464854815893202e-09,0,2.464854815893202e-09
179,2.798283970319641e-09,0,2.798283970319641e-09
180,3.369141304893656e-09,0,3.369141304893656e-09
181,4.06333757312189e-09,0,4.06333757312189e-09
182,4.745697465475495e-09,0,4.745697465475495e-09
183,5.283287026084213e-09,0,5.283287026084213e-09
184,5.631940206005986e-09,0,5.631940206005986e-09
185,5.908246764261676e-09,0,5.908246764261676e-09
186,6.105802602995237e-09,0,6.105802602995237e-09
187,6.04877888950429e-09,0,6.04877888950429e-09
188,6.130846019172985e-09,0,6.130846019172985e-09
189,6.402404050051756e-09,0,6.402404050051756e-09
190,6.6860050805945135e-09,0,6.6860050805945135e-09
191,6.98216850862049e-09,0,6.98216850862049e-09
