Temperature: 20 C
Humidity: 38 %
Date: 1970-01-01 00:00:00.000000
voltage,pad,gr,totalCurrent
0,3.5049323646802735e-10,0,3.5049323646802735e-10
1,2.8464261903347414e-10,0,2.8464261903347414e-10
2,2.311640058641372e-10,0,2.311640058641372e-10
3,1.877329466283145e-10,0,1.877329466283145e-10
4,1.5238204842840176e-10,0,1.5238204842840176e-10
5,1.3508603854585834e-10,0,1.3508603854585834e-10
6,1.2807821927091602e-10,0,1.2807821927091602e-10
7,1.220941111142831e-10,0,1.220941111142831e-10
8,1.196472700410152e-10,0,1.196472700410152e-10
9,1.1723582005128385e-10,0,1.1723582005128385e-10
10,1.1599666300332408e-10,0,1.1599666300332408e-10
11,1.1557206136312769e-10,0,1.1557206136312769e-10
12,1.1812813925273702e-10,0,1.1812813925273702e-10
13,1.2189051863117105e-10,0,1.2189051863117105e-10
14,1.294851041624978e-10,0,1.294851041624978e-10
15,1.4125238967063465e-10,0,1.4125238967063465e-10
16,1.5811174032924384e-10,0,1.5811174032924384e-10
17,1.816878899142082e-10,0,1.816878899142082e-10
18,2.214632291754789e-10,0,2.214632291754789e-10
19,2.8076581632784416e-10,0,2.8076581632784416e-10
20,3.53502342355125e-10,0,3.53502342355125e-10
21,4.3408727693268724e-10,0,4.3408727693268724e-10
22,5.202570747309361e-10,0,5.202570747309361e-10
23,6.128436647145247e-10,0,6.128436647145247e-10
24,7.038696154113668e-10,0,7.038696154113668e-10
25,7.623199730456448e-10,0,7.623199730456448e-10
26,7.795804901938542e-10,0,7.795804901938542e-10
27,7.951757080276484e-10,0,7.951757080276484e-10
28,8.033121550197622e-10,0,8.033121550197622e-10
29,8.087761409342869e-10,0,8.087761409342869e-10
30,8.088560650938248e-10,0,8.088560650938248e-10
31,8.110739970936173e-10,0,8.110739970936173e-10
32,8.178667137645478e-10,0,8.178667137645478e-10
33,8.288448507070685e-10,0,8.288448507070685e-10
34,8.415119201714516e-10,0,8.415119201714516e-10
35,8.578259905754995e-10,0,8.578259905754995e-10
36,8.744563356356379e-10,0,8.744563356356379e-10
37,8.908161738280798e-10,0,8.908161738280798e-10
38,9.029915955190248e-10,0,9.029915955190248e-10
39,9.103182083923063e-10,0,9.103182083923063e-10
40,9.134098756435486e-10,0,9.134098756435486e-10
41,9.179259662499321e-10,0,9.179259662499321e-10
42,9.250913413794785e-10,0,9.250913413794785e-10
43,9.323474541971692e-10,0,9.323474541971692e-10
44,9.426199435665035e-10,0,9.426199435665035e-10
45,9.547735078434524e-10,0,9.547735078434524e-10
46,9.690501314769612e-10,0,9.690501314769612e-10
47,9.85386407717592e-10,0,9.85386407717592e-10
48,1.0026407761565263e-09,0,1.0026407761565263e-09
49,1.018053352329778e-09,0,1.018053352329778e-09
50,1.0341978124404845e-09,0,1.0341978124404845e-09
51,1.0486253348127087e-09,0,1.0486253348127087e-09
52,1.0644899634485351e-09,0,1.0644899634485351e-09
53,1.0819194947905883e-09,0,1.0819194947905883e-09
54,1.099636824989817e-09,0,1.099636824989817e-09
55,1.1173596340605204e-09,0,1.1173596340605204e-09
56,1.1389139124673102e-09,0,1.1389139124673102e-09
57,1.1623430416757546e-09,0,1.1623430416757546e-09
58,1.184900359822388e-09,0,1.184900359822388e-09
59,1.2076381835256278e-09,0,1.2076381835256278e-09
60,1.230366463361017e-09,0,1.230366463361017e-09
61,1.2536959270970363e-09,0,1.2536959270970363e-09
62,1.2757297018425287e-09,0,1.2757297018425287e-09
63,1.2938562394000086e-09,0,1.2938562394000086e-09
64,1.3133934669038037e-09,0,1.3133934669038037e-09
65,1.3378329903286002e-09,0,1.3378329903286002e-09
66,1.3669951792952592e-09,0,1.3669951792952592e-09
67,1.3953062281644585e-09,0,1.3953062281644585e-09
68,1.4208237463919046e-09,0,1.4208237463919046e-09
69,1.44504573259123e-09,0,1.44504573259123e-09
70,1.4693418245319123e-09,0,1.4693418245319123e-09
71,1.4907528465031425e-09,0,1.4907528465031425e-09
72,1.5088931446460056e-09,0,1.5088931446460056e-09
73,1.5187327611982514e-09,0,1.5187327611982514e-09
74,1.525839568619609e-09,0,1.525839568619609e-09
75,1.5333196653582806e-09,0,1.5333196653582806e-09
76,1.5472038547598927e-09,0,1.5472038547598927e-09
77,1.5673487221472282e-09,0,1.5673487221472282e-09
78,1.5926620872806195e-09,0,1.5926620872806195e-09
79,1.6193796544507337e-09,0,1.6193796544507337e-09
80,1.650063610167259e-09,0,1.650063610167259e-09
81,1.6868465482112928e-09,0,1.6868465482112928e-09
82,1.7257525782227136e-09,0,1.7257525782227136e-09
83,1.7624299718619473e-09,0,1.7624299718619473e-09
84,1.7976748854526103e-09,0,1.7976748854526103e-09
85,1.8315240020118744e-09,0,1.8315240020118744e-09
86,1.8633857610134938e-09,0,1.8633857610134938e-09
87,1.8963139179107375e-09,0,1.8963139179107375e-09
88,1.9278459466243885e-09,0,1.9278459466243885e-09
89,1.9646939446380864e-09,0,1.9646939446380864e-09
90,2.0019956391246745e-09,0,2.0019956391246745e-09
91,2.040202659374474e-09,0,2.040202659374474e-09
92,2.0771355011283392e-09,0,2.0771355011283392e-09
93,2.1153499894679863e-09,0,2.1153499894679863e-09
94,2.1509208796930813e-09,0,2.1509208796930813e-09
95,2.1861824003649557e-09,0,2.1861824003649557e-09
96,2.222402611106119e-09,0,2.222402611106119e-09
97,2.2638861561732706e-09,0,2.2638861561732706e-09
98,2.3006358210554167e-09,0,2.3006358210554167e-09
99,2.339692294749117e-09,0,2.339692294749117e-09
100,2.3863974008088693e-09,0,2.3863974008088693e-09
101,2.4382128147258643e-09,0,2.4382128147258643e-09
102,2.490874314383464e-09,0,2.490874314383464e-09
103,2.5411664423161637e-09,0,2.5411664423161637e-09
104,2.5832849720665613e-09,0,2.5832849720665613e-09
105,2.624781352695606e-09,0,2.624781352695606e-09
106,2.6612287507458596e-09,0,2.6612287507458596e-09
107,2.702688999123617e-09,0,2.702688999123617e-09
108,2.7501043593742824e-09,0,2.7501043593742824e-09
109,2.8030871745936533e-09,0,2.8030871745936533e-09
110,2.864415521403885e-09,0,2.864415521403885e-09
111,2.9318717314513254e-09,0,2.9318717314513254e-09
112,3.0152040752902198e-09,0,3.0152040752902198e-09
113,3.1081039609386787e-09,0,3.1081039609386787e-09
114,3.204274217128947e-09,0,3.204274217128947e-09
115,3.3064029056209737e-09,0,3.3064029056209737e-09
116,3.4080277945944686e-09,0,3.4080277945944686e-09
117,3.5066029114108643e-09,0,3.5066029114108643e-09
118,3.615460681367375e-09,0,3.615460681367375e-09
119,3.73042463337939e-09,0,3.73042463337939e-09
120,3.857717434778828e-09,0,3.857717434778828e-09
121,4.002357725519045e-09,0,4.002357725519045e-09
122,4.145742734767133e-09,0,4.145742734767133e-09
123,4.293208518638561e-09,0,4.293208518638561e-09
124,4.441577367415467e-09,0,4.441577367415467e-09
125,4.5891443655711815e-09,0,4.5891443655711815e-09
126,4.7298629443909786e-09,0,4.7298629443909786e-09
127,4.875967031417414e-09,0,4.875967031417414e-09
128,5.004787507581469e-09,0,5.004787507581469e-09
129,5.1765086198432336e-09,0,5.1765086198432336e-09
130,5.356344291141711e-09,0,5.356344291141711e-09
131,5.5304523937788515e-09,0,5.5304523937788515e-09
132,5.709618036377777e-09,0,5.709618036377777e-09
133,5.893979627370793e-09,0,5.893979627370793e-09
134,6.077257226392264e-09,0,6.077257226392264e-09
135,6.287805617352213e-09,0,6.287805617352213e-09
136,6.47492100282088e-09,0,6.47492100282088e-09
137,6.71316288856332e-09,0,6.71316288856332e-09
138,7.004251141867802e-09,0,7.004251141867802e-09
139,7.334632860032673e-09,0,7.334632860032673e-09
140,7.709408614093779e-09,0,7.709408614093779e-09
141,8.117261236303036e-09,0,8.117261236303036e-09
142,8.528842280763795e-09,0,8.528842280763795e-09
143,8.958754170035634e-09,0,8.958754170035634e-09
144,9.414697734049551e-09,0,9.414697734049551e-09
145,9.919537696712571e-09,0,9.919537696712571e-09
146,1.0448144107802684e-08,0,1.0448144107802684e-08
147,1.1051282617722933e-08,0,1.1051282617722933e-08
148,1.1749238193953893e-08,0,1.1749238193953893e-08
149,1.2495690878448953e-08,0,1.2495690878448953e-08
150,1.3484923288307309e-08,0,1.3484923288307309e-08
151,1.465248203785885e-08,0,1.465248203785885e-08
152,1.6202813570083134e-08,0,1.6202813570083134e-08
153,1.8263852375762764e-08,0,1.8263852375762764e-08
154,2.129717177411633e-08,0,2.129717177411633e-08
155,2.487225929817738e-08,0,2.487225929817738e-08
156,2.9309962744874825e-08,0,2.9309962744874825e-08
157,3.481471375902346e-08,0,3.481471375902346e-08
158,4.187615887696111e-08,0,4.187615887696111e-08
159,5.080253811007866e-08,0,5.080253811007866e-08
160,6.333501072381051e-08,0,6.333501072381051e-08
161,8.174743891423171e-08,0,8.174743891423171e-08
162,1.0737621912752054e-07,0,1.0737621912752054e-07
163,1.410399223175427e-07,0,1.410399223175427e-07
164,1.852573876051461e-07,0,1.852573876051461e-07
